2 1 0.26748475
30 13 0.18789096
4 0 0.0
11 16 0.45474532
10 0 0.02719066
23 0 0.043021716
1 0 0.023712637
5 0 0.030574676
2 0 0.26872563
10 0 0.03580511
4 0 0.06535145
30 0 0.09390749
15 1 0.2037713
18 0 0.043768406
8 45 0.08208002
15 0 8.534224E-4
1 0 0.0
13 1 0.6670222
9 0 0.043336455
3 0 0.0
9 67 0.037426453
10 0 0.026233329
3 0 0.17448495
3 0 0.139236
9 0 0.28546184
6 5 0.26222286
3 0 0.1126982
21 0 0.078433126
8 1 0.19256566
179 0 0.09387454
46 98 0.0672048
1 0 0.0
7 0 0.09952895
18 0 0.0642506
5 0 0.027919961
5 24 0.0
29 0 0.06342588
17 0 0.068858445
7 9 0.18293214
6 27 0.22194347
6 0 0.0
10 0 0.051405802
112 0 0.117139034
56 42 0.09370707
5 8 0.21370016
1 0 0.0
33 0 0.03900816
19 19 0.3393124
8 0 0.030585306
12 0 0.05844869
7 0 0.05593207
9 0 0.11766988
10 0 0.060125936
8 0 0.21370016
5 10 0.21799898
1 29 0.0
7 0 0.22960456
14 0 0.026808154
5 1 0.22174725
2 0 0.054200314
5 11 0.4443338
12 0 0.019530833
3 2 0.18671572
6 0 0.37592614
4 0 0.36240292
6 7 0.40979964
31 0 0.06673483
2 1 0.16136003
93 0 0.111146964
15 0 0.1378046
55 0 0.1203891
4 0 0.045624785
4 4 0.1836193
7 1 0.24481921
5 0 0.072527
1 0 0.0
4 11 0.04260347
5 0 0.0585647
9 0 0.039906375
14 0 0.039491653
10 0 0.43155435
11 1 0.021626439
7 0 0.67924476
1 0 0.0
1 0 0.0
3 31 0.069911025
12 0 0.09714636
20 2 0.25640646
27 0 0.062000334
9 0 0.028174356
3 20 0.13309555
2 1 0.23101887
6 0 0.0
18 0 0.031158822
7 0 0.027614187
5 0 0.11594435
10 21 0.23338702
7 0 0.0
5 10 0.1213561
16 3 0.22664341
16 0 0.07448744
21 0 0.065593615
27 4 0.18456061
16 27 0.014357538
5 16 0.44877595
16 0 0.09936091
8 0 0.23513564
9 8 0.2828665
7 0 0.026832765
3 0 0.0585647
7 0 0.019893965
1 0 0.0
12 6 0.15688205
12 88 0.70521176
7 4 0.14430356
1 0 0.0
15 0 0.08754784
5 0 0.34364045
1 30 0.0
8 0 0.20565896
12 15 0.1745473
6 0 0.078418955
22 0 0.1281374
22 0 0.09267252
6 0 0.034900922
19 5 0.17913355
14 0 0.05289094
11 5 0.21468358
2 1 0.5236524
4 0 0.02375548
13 0 0.13780545
3 0 0.023625381
10 0 0.014867711
2 3 0.16260093
1 5 0.59427506
6 0 0.08062233
3 0 0.46951452
10 0 0.1981816
22 2 0.1685612
46 0 0.08900674
2 11 0.21370016
5 0 0.0
4 0 0.5279527
5 0 0.36080286
11 0 0.087783314
51 0 0.12923495
20 0 0.22552036
5 0 0.13002884
27 2 0.2976262
6 29 0.04873814
9 0 0.06713162
5 11 0.16559343
1 0 0.0
7 7 0.14335454
9 0 0.03304517
13 0 0.0419882
8 0 0.0592966
16 0 0.42922473
7 0 0.3000616
7 0 0.17193176
15 0 0.014009003
5 9 0.24007253
8 0 0.13138422
3 0 0.15282196
4 0 0.016452566
1 0 0.0
8 9 0.19846267
5 0 0.05573625
10 0 0.24119012
5 0 0.038449362
13 0 0.038232557
6 0 0.5509169
20 98 0.060852103
3 127 0.16652553
10 0 0.064641625
24 0 0.06308914
5 0 0.022060491
16 0 0.093689136
5 1 0.38048196
6 0 0.058928985
18 0 0.009470472
1 0 0.0
17 98 0.027684728
6 0 0.033411007
12 0 0.24041764
8 0 0.02173966
3 0 0.0714079
4 0 0.0
2 0 0.066488914
6 2 0.7076907
2 0 0.0
13 0 0.055107005
2 1 0.25155115
15 67 0.08648096
90 0 0.102527775
10 0 0.07834198
10 77 0.045124352
5 0 0.0
3 0 0.05449099
39 0 0.02308591
8 0 0.04841604
37 30 0.17608695
12 1 0.19759227
4 0 0.0706601
14 0 0.22214666
8 2 0.17632036
2 98 0.24621218
4 0 0.0808243
1 0 0.0
66 22 0.20711356
2 0 0.008504852
8 0 0.033534735
14 1 0.23341371
3 3 0.38048196
12 16 0.35403246
8 0 0.03786845
13 1 0.22833374
3 9 0.60165215
7 0 0.008707296
14 0 0.082440354
16 0 0.038728334
9 31 0.26205367
2 15 0.17878777
3 0 0.07752041
7 19 0.25891903
14 0 0.12670621
24 0 0.035466522
5 0 0.24886279
9 0 0.031612955
189 0 6.745958E-4
16 0 0.051012773
2 0 0.0
2 0 0.1640615
17 0 0.0048814407
8 25 0.29291067
10 0 0.027889075
50 0 0.050910648
4 0 0.09625786
29 0 0.10363717
11 0 0.016033288
13 0 0.078392126
20 0 0.07153951
10 2 0.23174478
5 6 0.20461407
2 0 0.6646596
20 0 0.026936507
16 3 0.21033685
10 11 0.3389123
3 30 0.18293214
10 0 0.042855255
10 10 0.19884251
6 17 0.065659836
7 3 0.25680208
13 38 0.08908877
5 33 0.19832745
55 2 0.17686835
7 0 0.07041079
5 0 0.018384404
6 0 0.24301934
16 0 0.015341604
6 0 0.0
1 9 0.20093
33 0 0.03754189
7 0 0.21387276
6 4 0.4254323
4 0 0.027903993
19 0 0.12219098
5 2 0.6509603
3 0 0.11064988
5 0 0.078611195
1 1 0.52611303
15 0 0.033154055
40 0 0.08013266
8 10 0.1933239
10 0 0.029610954
15 0 0.02641969
2 28 0.13831894
5 0 0.19338714
5 0 0.0
4 0 0.007062122
13 0 0.05974484
5 0 0.3191585
21 0 0.017197566
4 0 0.13756552
14 0 0.055075236
6 0 0.13941164
3 0 0.06345113
3 0 0.023712637
10 0 0.056417055
13 0 0.06442274
2 0 0.06330162
11 25 0.069083616
23 0 0.08061102
5 0 0.2124468
5 0 0.02317675
4 0 0.22873351
15 2 0.20608495
7 0 0.0059184954
5 4 0.18049137
27 0 0.06455783
27 30 0.0982532
4 0 0.036494903
5 0 0.43422562
26 0 0.06355775
16 0 0.028896198
9 0 0.024037715
13 109 0.13136646
4 0 0.28880686
44 0 0.1420534
8 0 0.04148812
13 0 0.07430303
3 0 0.110722646
8 0 0.026716784
44 0 0.04876805
7 0 0.051621486
17 0 0.027755423
4 68 0.06539435
2 3 0.5445166
4 0 0.015332391
6 0 0.076494284
3 13 0.22174725
9 56 0.051106557
12 0 0.054854844
18 51 0.014945356
2 0 0.21435893
6 9 0.20112066
11 0 0.029610954
5 0 0.047242325
3 0 0.19773823
5 56 0.05599221
19 53 0.07683766
4 0 0.043505047
5 0 0.23101887
5 0 0.10149234
6 0 0.14091195
5 40 0.50445217
3 50 0.677368
8 0 0.05327555
2 3 0.22703573
35 3 0.1475225
13 25 0.22403118
7 2 0.27629533
8 6 0.44188473
15 32 0.3255503
13 0 0.046331614
4 0 0.035385467
5 0 0.0
6 3 0.47302628
5 0 0.058420744
4 22 0.97425574
12 60 0.07585597
7 10 0.7288848
9 0 0.08346732
3 0 0.1450531
1 0 0.0
14 0 0.056185603
4 1 0.25498185
5 0 0.114343725
27 13 0.50659966
3 13 0.2977286
19 0 0.03423939
3 1 0.23015472
12 0 0.08037829
22 0 0.21993501
90 0 0.09764307
7 24 0.041464563
14 23 0.02819173
5 7 0.8433163
8 0 0.03622527
8 8 0.20310743
21 0 0.05090297
15 3 0.15843248
6 0 0.117402
7 0 0.0148711745
14 0 0.046809763
6 0 0.11350485
38 0 7.859296E-5
5 0 0.19859894
2 0 0.0
16 2 0.19758593
9 0 0.24511297
2 8 0.30515578
23 0 0.095258296
12 0 0.05133307
29 0 0.0
17 5 0.23334676
6 0 0.0
3 0 0.0
15 21 0.041265257
7 0 0.056297738
18 0 0.15234815
7 0 0.2744233
11 0 0.2266457
29 0 0.060587924
3 0 0.018639017
10 0 0.010164877
1 0 0.0
1 0 0.023712637
23 31 0.09930188
22 0 0.095277674
12 0 0.033459928
36 0 0.24348193
26 135 0.0913756
10 0 0.063390516
5 0 0.01976873
18 0 0.05851631
4 0 0.07758116
1 0 0.0
6 0 0.052215934
23 0 0.017197317
13 1 0.18245067
17 0 0.19318295
5 31 0.16368051
5 5 0.21370016
11 0 0.057259135
6 7 0.20900786
4 66 0.054141503
19 0 0.10241625
13 0 0.01953128
12 7 0.2278432
9 21 0.23866089
17 0 0.04113265
13 0 0.021128839
11 4 0.20444053
5 2 0.35211223
15 0 0.021510115
2 2 0.2268848
9 0 0.038176596
7 1 0.3856342
6 0 0.23514949
10 0 0.07600927
9 10 0.2306417
8 2 0.15465756
10 2 0.1485797
6 37 0.09464073
8 0 0.072874896
7 0 0.031068053
19 0 0.0060156737
1 0 0.0
24 44 0.06482845
8 0 0.034625866
7 20 0.168848
8 36 0.22502242
59 0 0.14316466
2 9 0.22174725
3 0 0.036377482
10 0 0.039418038
32 0 0.025547368
6 0 0.15036556
3 32 0.393054
4 0 0.12300589
6 0 0.13835958
5 0 0.042141914
3 2 0.10940835
6 0 0.05533126
7 0 0.28502914
13 0 0.07852483
3 0 0.11117302
10 0 0.057556707
12 15 0.2174819
9 0 0.151241
11 0 0.33218917
7 0 0.0051407097
10 0 0.025978558
14 0 0.045451067
10 0 0.060744774
9 0 0.021344563
4 0 0.0
14 35 1.3170552
7 0 0.47776818
12 0 0.01683341
20 1 0.19167763
2 0 0.059506577
1 1 0.0
6 0 0.061388835
25 95 0.033670872
9 9 0.7720106
11 0 0.07228653
2 0 0.21514669
4 0 0.0
14 45 0.078453764
8 0 0.45725772
2 0 0.09674679
9 0 0.021385435
5 0 0.18476622
6 6 0.16001248
6 5 0.20600788
7 25 0.02927687
14 0 0.0444494
75 3 0.1820318
3 32 0.68890285
5 0 0.13812163
3 118 0.15219279
136 8 0.343318
1 0 0.0
4 86 0.2670711
27 0 0.19756894
5 16 0.16351658
2 0 0.75083584
5 0 0.029498354