1.0 -0.011077879762479238 0.26748475 2.0 0.5 0.0 0
1.0 0.07715741435516782 0.18789096 30.0 0.13333333333333333 0.009389671361502348 0
1.0 -0.018430820938949828 0.0 4.0 0.25 0.05263157894736842 1
1.0 0.09921623788457959 0.45474532 11.0 0.09090909090909091 0.015384615384615385 0
1.0 -0.018430820938949828 0.02719066 10.0 0.2 0.011111111111111112 0
1.0 -0.018430820938949828 0.043021716 23.0 0.08695652173913043 0.014705882352941176 1
1.0 -0.018430820938949828 0.023712637 1.0 1.0 0.10526315789473684 1
1.0 -0.018430820938949828 0.030574676 5.0 0.4 0.058823529411764705 1
1.0 -0.018430820938949828 0.26872563 2.0 0.0 0.3333333333333333 1
1.0 -0.018430820938949828 0.03580511 10.0 0.3 0.0379746835443038 1
1.0 -0.018430820938949828 0.06535145 4.0 0.25 0.044444444444444446 1
1.0 -0.018430820938949828 0.09390749 30.0 0.2 0.027624309392265192 0
1.0 -0.011077879762479238 0.2037713 15.0 0.2 0.018867924528301886 0
1.0 -0.018430820938949828 0.043768406 18.0 0.2222222222222222 0.06976744186046512 0
1.0 0.3124515320022266 0.08208002 8.0 0.125 0.05 0
1.0 -0.018430820938949828 8.534224E-4 15.0 0.13333333333333333 0.5704697986577181 1
1.0 -0.018430820938949828 0.0 1.0 1.0 0.07142857142857142 1
1.0 -0.011077879762479238 0.6670222 13.0 0.23076923076923078 0.012987012987012988 0
1.0 -0.018430820938949828 0.043336455 9.0 0.3333333333333333 0.07017543859649122 1
1.0 -0.018430820938949828 0.0 3.0 0.0 0.03225806451612903 0
1.0 0.4742162378845795 0.037426453 9.0 0.3333333333333333 0.02666666666666667 0
1.0 -0.018430820938949828 0.026233329 10.0 0.2 0.05333333333333334 0
1.0 -0.018430820938949828 0.17448495 3.0 0.0 0.0 0
1.0 -0.018430820938949828 0.139236 3.0 0.3333333333333333 0.06896551724137931 1
1.0 -0.018430820938949828 0.28546184 9.0 0.2222222222222222 0.0 0
1.0 0.018333884943403114 0.26222286 6.0 0.16666666666666666 0.030303030303030304 0
1.0 -0.018430820938949828 0.1126982 3.0 0.0 0.038461538461538464 0
1.0 -0.018430820938949828 0.078433126 21.0 0.38095238095238093 0.0718562874251497 0
1.0 -0.011077879762479238 0.19256566 8.0 0.125 0.0196078431372549 0
1.0 -0.018430820938949828 0.09387454 179.0 0.1452513966480447 0.019760056457304165 0
1.0 0.7021574143551679 0.0672048 46.0 0.2391304347826087 0.01935483870967742 0
1.0 -0.018430820938949828 0.0 1.0 1.0 0.1 1
1.0 -0.018430820938949828 0.09952895 7.0 0.2857142857142857 0.045454545454545456 0
1.0 -0.018430820938949828 0.0642506 18.0 0.05555555555555555 0.55 1
1.0 -0.018430820938949828 0.027919961 5.0 0.2 0.045454545454545456 1
1.0 0.15803976729634428 0.0 5.0 0.4 0.020833333333333332 0
1.0 -0.018430820938949828 0.06342588 29.0 0.13793103448275862 0.015873015873015872 0
1.0 -0.018430820938949828 0.068858445 17.0 0.058823529411764705 0.0 0
1.0 0.047745649649285474 0.18293214 7.0 0.5714285714285714 0.058823529411764705 0
1.0 0.18009859082575605 0.22194347 6.0 0.16666666666666666 0.024390243902439025 0
1.0 -0.018430820938949828 0.0 6.0 0.0 0.023809523809523808 1
1.0 -0.018430820938949828 0.051405802 10.0 0.3 0.02912621359223301 0
1.0 -0.018430820938949828 0.117139034 112.0 0.21428571428571427 0.027571580063626724 1
1.0 0.29039270847281484 0.09370707 56.0 0.21428571428571427 0.021917808219178082 0
1.0 0.040392708472814884 0.21370016 5.0 0.0 0.047619047619047616 0
1.0 -0.018430820938949828 0.0 1.0 0.0 0.0 1
1.0 -0.018430820938949828 0.03900816 33.0 0.18181818181818182 0.05752212389380531 0
1.0 0.12127506141399136 0.3393124 19.0 0.21052631578947367 0.016666666666666666 0
1.0 -0.018430820938949828 0.030585306 8.0 0.125 0.02666666666666667 0
1.0 -0.018430820938949828 0.05844869 12.0 0.16666666666666666 0.01694915254237288 0
1.0 -0.018430820938949828 0.05593207 7.0 0.42857142857142855 0.047619047619047616 0
1.0 -0.018430820938949828 0.11766988 9.0 0.2222222222222222 0.0410958904109589 0
1.0 -0.018430820938949828 0.060125936 10.0 0.1 0.016666666666666666 0
1.0 -0.018430820938949828 0.21370016 8.0 0.125 0.030303030303030304 0
1.0 0.05509859082575605 0.21799898 5.0 0.2 0.03225806451612903 0
1.0 0.19480447317869726 0.0 1.0 0.0 0.0 0
1.0 -0.018430820938949828 0.22960456 7.0 0.14285714285714285 0.02 0
1.0 -0.018430820938949828 0.026808154 14.0 0.21428571428571427 0.029411764705882353 1
1.0 -0.011077879762479238 0.22174725 5.0 0.0 0.03125 0
1.0 -0.018430820938949828 0.054200314 2.0 0.5 0.09090909090909091 1
1.0 0.06245153200222664 0.4443338 5.0 0.0 0.04 0
1.0 -0.018430820938949828 0.019530833 12.0 0.3333333333333333 0.047619047619047616 1
1.0 -0.0037249385860086484 0.18671572 3.0 0.6666666666666666 0.08163265306122448 0
1.0 -0.018430820938949828 0.37592614 6.0 0.3333333333333333 0.022727272727272728 0
1.0 -0.018430820938949828 0.36240292 4.0 0.5 0.07142857142857142 0
1.0 0.033039767296344294 0.40979964 6.0 0.0 0.047619047619047616 0
1.0 -0.018430820938949828 0.06673483 31.0 0.25806451612903225 0.022222222222222223 0
1.0 -0.011077879762479238 0.16136003 2.0 0.0 0.1 0
1.0 -0.018430820938949828 0.111146964 93.0 0.23655913978494625 0.010086455331412104 0
1.0 -0.018430820938949828 0.1378046 15.0 0.13333333333333333 0.024390243902439025 0
1.0 -0.018430820938949828 0.1203891 55.0 0.23636363636363636 0.015584415584415584 0
1.0 -0.018430820938949828 0.045624785 4.0 0.0 0.07407407407407407 0
1.0 0.010980943766932524 0.1836193 4.0 0.25 0.037037037037037035 0
1.0 -0.011077879762479238 0.24481921 7.0 0.2857142857142857 0.06896551724137931 0
1.0 -0.018430820938949828 0.072527 5.0 0.4 0.03773584905660377 0
1.0 -0.018430820938949828 0.0 1.0 0.0 0.0 1
1.0 0.06245153200222664 0.04260347 4.0 0.25 0.15 0
1.0 -0.018430820938949828 0.0585647 5.0 0.4 0.05263157894736842 0
1.0 -0.018430820938949828 0.039906375 9.0 0.1111111111111111 0.0 0
1.0 -0.018430820938949828 0.039491653 14.0 0.14285714285714285 0.011235955056179775 0
1.0 -0.018430820938949828 0.43155435 10.0 0.2 0.03896103896103896 0
1.0 -0.011077879762479238 0.021626439 11.0 0.18181818181818182 0.036585365853658534 0
1.0 -0.018430820938949828 0.67924476 7.0 0.0 0.0196078431372549 0
1.0 -0.018430820938949828 0.0 1.0 0.0 0.0 1
1.0 -0.018430820938949828 0.0 1.0 0.0 0.0 1
1.0 0.20951035553163838 0.069911025 3.0 0.3333333333333333 0.08333333333333333 0
1.0 -0.018430820938949828 0.09714636 12.0 0.16666666666666666 0.0125 0
1.0 -0.0037249385860086484 0.25640646 20.0 0.15 0.008547008547008548 0
1.0 -0.018430820938949828 0.062000334 27.0 0.25925925925925924 0.018518518518518517 0
1.0 -0.018430820938949828 0.028174356 9.0 0.2222222222222222 0.025974025974025976 0
1.0 0.12862800259046192 0.13309555 3.0 0.0 0.13043478260869565 0
1.0 -0.011077879762479238 0.23101887 2.0 0.0 0.07692307692307693 0
1.0 -0.018430820938949828 0.0 6.0 0.5 0.08333333333333333 1
1.0 -0.018430820938949828 0.031158822 18.0 0.2222222222222222 0.007518796992481203 0
1.0 -0.018430820938949828 0.027614187 7.0 0.14285714285714285 0.016666666666666666 0
1.0 -0.018430820938949828 0.11594435 5.0 0.2 0.03125 0
1.0 0.13598094376693254 0.23338702 10.0 0.1 0.05357142857142857 0
1.0 -0.018430820938949828 0.0 7.0 0.2857142857142857 0.022727272727272728 1
1.0 0.05509859082575605 0.1213561 5.0 0.2 0.021739130434782608 0
1.0 0.0036280025904619415 0.22664341 16.0 0.25 0.0 0
1.0 -0.018430820938949828 0.07448744 16.0 0.25 0.1792452830188679 0
1.0 -0.018430820938949828 0.065593615 21.0 0.38095238095238093 0.03821656050955414 1
1.0 0.010980943766932524 0.18456061 27.0 0.14814814814814814 0.00980392156862745 0
1.0 0.18009859082575605 0.014357538 16.0 0.3125 0.041237113402061855 0
1.0 0.09921623788457959 0.44877595 5.0 0.0 0.07692307692307693 0
1.0 -0.018430820938949828 0.09936091 16.0 0.1875 0.009174311926605505 0
1.0 -0.018430820938949828 0.23513564 8.0 0.0 0.04 0
1.0 0.040392708472814884 0.2828665 9.0 0.4444444444444444 0.01818181818181818 0
1.0 -0.018430820938949828 0.026832765 7.0 0.14285714285714285 0.02564102564102564 1
1.0 -0.018430820938949828 0.0585647 3.0 0.3333333333333333 0.03571428571428571 0
1.0 -0.018430820938949828 0.019893965 7.0 0.42857142857142855 0.03225806451612903 0
1.0 -0.018430820938949828 0.0 1.0 0.0 0.0 1
1.0 0.025686826119873704 0.15688205 12.0 0.16666666666666666 0.04878048780487805 0
1.0 0.6286280025904618 0.70521176 12.0 0.0 0.012658227848101266 0
1.0 0.010980943766932524 0.14430356 7.0 0.14285714285714285 0.05 0
1.0 -0.018430820938949828 0.0 1.0 0.0 0.16666666666666666 1
1.0 -0.018430820938949828 0.08754784 15.0 0.06666666666666667 0.023255813953488372 0
1.0 -0.018430820938949828 0.34364045 5.0 0.0 0.03571428571428571 0
1.0 0.20215741435516782 0.0 1.0 0.0 0.0 0
1.0 -0.018430820938949828 0.20565896 8.0 0.125 0.08928571428571429 0
1.0 0.091863296708109 0.1745473 12.0 0.08333333333333333 0.027777777777777776 0
1.0 -0.018430820938949828 0.078418955 6.0 0.16666666666666666 0.041666666666666664 1
1.0 -0.018430820938949828 0.1281374 22.0 0.045454545454545456 0.008333333333333333 0
1.0 -0.018430820938949828 0.09267252 22.0 0.045454545454545456 0.00625 0
1.0 -0.018430820938949828 0.034900922 6.0 0.8333333333333334 0.07575757575757576 1
1.0 0.018333884943403114 0.17913355 19.0 0.15789473684210525 0.029850746268656716 0
1.0 -0.018430820938949828 0.05289094 14.0 0.21428571428571427 0.031914893617021274 1
1.0 0.018333884943403114 0.21468358 11.0 0.2727272727272727 0.045454545454545456 0
1.0 -0.011077879762479238 0.5236524 2.0 0.0 0.125 0
1.0 -0.018430820938949828 0.02375548 4.0 0.0 0.06666666666666667 0
1.0 -0.018430820938949828 0.13780545 13.0 0.23076923076923078 0.01818181818181818 0
1.0 -0.018430820938949828 0.023625381 3.0 0.6666666666666666 0.05128205128205128 1
1.0 -0.018430820938949828 0.014867711 10.0 0.1 0.043478260869565216 1
1.0 0.0036280025904619415 0.16260093 2.0 0.5 0.07407407407407407 1
1.0 0.018333884943403114 0.59427506 1.0 1.0 0.09090909090909091 0
1.0 -0.018430820938949828 0.08062233 6.0 0.16666666666666666 0.0 0
1.0 -0.018430820938949828 0.46951452 3.0 0.3333333333333333 0.045454545454545456 0
1.0 -0.018430820938949828 0.1981816 10.0 0.2 0.015151515151515152 0
1.0 -0.0037249385860086484 0.1685612 22.0 0.045454545454545456 0.01680672268907563 0
1.0 -0.018430820938949828 0.08900674 46.0 0.08695652173913043 0.009146341463414634 0
1.0 0.06245153200222664 0.21370016 2.0 0.0 0.0 0
1.0 -0.018430820938949828 0.0 5.0 0.0 0.0 1
1.0 -0.018430820938949828 0.5279527 4.0 0.25 0.17647058823529413 0
1.0 -0.018430820938949828 0.36080286 5.0 0.0 0.041666666666666664 0
1.0 -0.018430820938949828 0.087783314 11.0 0.18181818181818182 0.013888888888888888 1
1.0 -0.018430820938949828 0.12923495 51.0 0.29411764705882354 0.05543710021321962 0
1.0 -0.018430820938949828 0.22552036 20.0 0.2 0.03508771929824561 0
1.0 -0.018430820938949828 0.13002884 5.0 0.6 0.03773584905660377 0
1.0 -0.0037249385860086484 0.2976262 27.0 0.2962962962962963 0.011834319526627219 0
1.0 0.19480447317869726 0.04873814 6.0 0.5 0.020833333333333332 0
1.0 -0.018430820938949828 0.06713162 9.0 0.3333333333333333 0.022222222222222223 1
1.0 0.06245153200222664 0.16559343 5.0 0.2 0.037037037037037035 0
1.0 -0.018430820938949828 0.0 1.0 0.0 0.14285714285714285 1
1.0 0.033039767296344294 0.14335454 7.0 0.2857142857142857 0.021739130434782608 0
1.0 -0.018430820938949828 0.03304517 9.0 0.0 0.02 1
1.0 -0.018430820938949828 0.0419882 13.0 0.3076923076923077 0.02127659574468085 1
1.0 -0.018430820938949828 0.0592966 8.0 0.0 0.019230769230769232 0
1.0 -0.018430820938949828 0.42922473 16.0 0.4375 0.13333333333333333 0
1.0 -0.018430820938949828 0.3000616 7.0 0.0 0.0 0
1.0 -0.018430820938949828 0.17193176 7.0 0.14285714285714285 0.058823529411764705 0
1.0 -0.018430820938949828 0.014009003 15.0 0.2 0.045871559633027525 1
1.0 0.047745649649285474 0.24007253 5.0 0.0 0.02564102564102564 0
1.0 -0.018430820938949828 0.13138422 8.0 0.125 0.020833333333333332 0
1.0 -0.018430820938949828 0.15282196 3.0 0.3333333333333333 0.045454545454545456 1
1.0 -0.018430820938949828 0.016452566 4.0 0.25 0.044444444444444446 1
1.0 -0.018430820938949828 0.0 1.0 0.0 0.0 1
1.0 0.047745649649285474 0.19846267 8.0 0.0 0.019230769230769232 0
1.0 -0.018430820938949828 0.05573625 5.0 0.6 0.20512820512820512 1
1.0 -0.018430820938949828 0.24119012 10.0 0.3 0.01098901098901099 0
1.0 -0.018430820938949828 0.038449362 5.0 0.4 0.029411764705882353 1
1.0 -0.018430820938949828 0.038232557 13.0 0.15384615384615385 0.03333333333333333 1
1.0 -0.018430820938949828 0.5509169 6.0 0.0 0.1 0
1.0 0.7021574143551679 0.060852103 20.0 0.1 0.008695652173913044 0
1.0 0.9153927084728148 0.16652553 3.0 0.6666666666666666 0.05 0
1.0 -0.018430820938949828 0.064641625 10.0 0.1 0.0 0
1.0 -0.018430820938949828 0.06308914 24.0 0.20833333333333334 0.2802547770700637 0
1.0 -0.018430820938949828 0.022060491 5.0 0.0 0.0 1
1.0 -0.018430820938949828 0.093689136 16.0 0.0625 0.016 0
1.0 -0.011077879762479238 0.38048196 5.0 0.0 0.05 1
1.0 -0.018430820938949828 0.058928985 6.0 0.0 0.034482758620689655 1
1.0 -0.018430820938949828 0.009470472 18.0 0.1111111111111111 0.8 1
1.0 -0.018430820938949828 0.0 1.0 0.0 0.0 1
1.0 0.7021574143551679 0.027684728 17.0 0.17647058823529413 0.01834862385321101 0
1.0 -0.018430820938949828 0.033411007 6.0 0.5 0.0 1
1.0 -0.018430820938949828 0.24041764 12.0 0.4166666666666667 0.011494252873563218 0
1.0 -0.018430820938949828 0.02173966 8.0 0.25 0.02564102564102564 1
1.0 -0.018430820938949828 0.0714079 3.0 0.3333333333333333 0.06666666666666667 1
1.0 -0.018430820938949828 0.0 4.0 0.0 0.04 1
1.0 -0.018430820938949828 0.066488914 2.0 1.0 0.06896551724137931 1
1.0 -0.0037249385860086484 0.7076907 6.0 0.6666666666666666 0.01818181818181818 0
1.0 -0.018430820938949828 0.0 2.0 1.0 0.07692307692307693 1
1.0 -0.018430820938949828 0.055107005 13.0 0.15384615384615385 0.02040816326530612 1
1.0 -0.011077879762479238 0.25155115 2.0 0.0 0.07692307692307693 0
1.0 0.4742162378845795 0.08648096 15.0 0.2 0.03260869565217391 0
1.0 -0.018430820938949828 0.102527775 90.0 0.23333333333333334 0.008902077151335312 0
1.0 -0.018430820938949828 0.07834198 10.0 0.2 0.024691358024691357 1
1.0 0.5477456496492854 0.045124352 10.0 0.0 0.03225806451612903 0
1.0 -0.018430820938949828 0.0 5.0 0.2 0.04878048780487805 1
1.0 -0.018430820938949828 0.05449099 3.0 0.0 0.047619047619047616 1
1.0 -0.018430820938949828 0.02308591 39.0 0.23076923076923078 0.043010752688172046 0
1.0 -0.018430820938949828 0.04841604 8.0 0.375 0.029850746268656716 1
1.0 0.20215741435516782 0.17608695 37.0 0.24324324324324326 0.04230769230769231 0
1.0 -0.011077879762479238 0.19759227 12.0 0.16666666666666666 0.029850746268656716 0
1.0 -0.018430820938949828 0.0706601 4.0 0.0 0.047619047619047616 1
1.0 -0.018430820938949828 0.22214666 14.0 0.21428571428571427 0.025 0
1.0 -0.0037249385860086484 0.17632036 8.0 0.125 0.043478260869565216 0
1.0 0.7021574143551679 0.24621218 2.0 0.0 0.07692307692307693 0
1.0 -0.018430820938949828 0.0808243 4.0 0.0 0.02631578947368421 1
1.0 -0.018430820938949828 0.0 1.0 0.0 0.0 0
1.0 0.1433338849434031 0.20711356 66.0 0.13636363636363635 0.019417475728155338 0
1.0 -0.018430820938949828 0.008504852 2.0 1.0 0.07142857142857142 1
1.0 -0.018430820938949828 0.033534735 8.0 0.125 0.018518518518518517 1
1.0 -0.011077879762479238 0.23341371 14.0 0.21428571428571427 0.029411764705882353 0
1.0 0.0036280025904619415 0.38048196 3.0 0.3333333333333333 0.0 0
1.0 0.09921623788457959 0.35403246 12.0 0.16666666666666666 0.027777777777777776 0
1.0 -0.018430820938949828 0.03786845 8.0 0.375 0.03508771929824561 1
1.0 -0.011077879762479238 0.22833374 13.0 0.07692307692307693 0.0 0
1.0 0.047745649649285474 0.60165215 3.0 0.0 0.07142857142857142 0
1.0 -0.018430820938949828 0.008707296 7.0 0.14285714285714285 0.03508771929824561 1
1.0 -0.018430820938949828 0.082440354 14.0 0.35714285714285715 0.08108108108108109 0
1.0 -0.018430820938949828 0.038728334 16.0 0.125 0.02040816326530612 1
1.0 0.20951035553163838 0.26205367 9.0 0.1111111111111111 0.03389830508474576 0
1.0 0.091863296708109 0.17878777 2.0 0.5 0.07692307692307693 0
1.0 -0.018430820938949828 0.07752041 3.0 0.0 0.17391304347826086 1
1.0 0.12127506141399136 0.25891903 7.0 0.42857142857142855 0.11904761904761904 0
1.0 -0.018430820938949828 0.12670621 14.0 0.21428571428571427 0.0 0
1.0 -0.018430820938949828 0.035466522 24.0 0.25 0.023668639053254437 1
1.0 -0.018430820938949828 0.24886279 5.0 0.0 0.0 0
1.0 -0.018430820938949828 0.031612955 9.0 0.7777777777777778 0.024390243902439025 1
1.0 -0.018430820938949828 6.745958E-4 189.0 0.25925925925925924 0.5482142857142858 1
1.0 -0.018430820938949828 0.051012773 16.0 0.3125 0.07407407407407407 1
1.0 -0.018430820938949828 0.0 2.0 0.0 0.058823529411764705 1
1.0 -0.018430820938949828 0.1640615 2.0 0.5 0.06666666666666667 0
1.0 -0.018430820938949828 0.0048814407 17.0 0.35294117647058826 0.022900763358778626 1
1.0 0.1653927084728149 0.29291067 8.0 0.125 0.0 0
1.0 -0.018430820938949828 0.027889075 10.0 0.3 0.024390243902439025 1
1.0 -0.018430820938949828 0.050910648 50.0 0.14 0.009523809523809525 0
1.0 -0.018430820938949828 0.09625786 4.0 0.0 0.04 0
1.0 -0.018430820938949828 0.10363717 29.0 0.3793103448275862 0.06511627906976744 1
1.0 -0.018430820938949828 0.016033288 11.0 0.09090909090909091 0.02040816326530612 1
1.0 -0.018430820938949828 0.078392126 13.0 0.07692307692307693 0.012195121951219513 1
1.0 -0.018430820938949828 0.07153951 20.0 0.15 0.007407407407407408 0
1.0 -0.0037249385860086484 0.23174478 10.0 0.2 0.041666666666666664 0
1.0 0.025686826119873704 0.20461407 5.0 0.0 0.029411764705882353 0
1.0 -0.018430820938949828 0.6646596 2.0 0.5 0.0 0
1.0 -0.018430820938949828 0.026936507 20.0 0.15 0.008695652173913044 0
1.0 0.0036280025904619415 0.21033685 16.0 0.125 0.019801980198019802 0
1.0 0.06245153200222664 0.3389123 10.0 0.0 0.0 0
1.0 0.20215741435516782 0.18293214 3.0 1.0 0.07692307692307693 0
1.0 -0.018430820938949828 0.042855255 10.0 0.6 0.045454545454545456 1
1.0 0.05509859082575605 0.19884251 10.0 0.1 0.029850746268656716 0
1.0 0.10656917906105018 0.065659836 6.0 0.16666666666666666 0.08333333333333333 0
1.0 0.0036280025904619415 0.25680208 7.0 0.14285714285714285 0.020833333333333332 0
1.0 0.26098094376693254 0.08908877 13.0 0.07692307692307693 0.027777777777777776 0
1.0 0.22421623788457962 0.19832745 5.0 0.0 0.03225806451612903 0
1.0 -0.0037249385860086484 0.17686835 55.0 0.12727272727272726 0.031055900621118012 0
1.0 -0.018430820938949828 0.07041079 7.0 0.14285714285714285 0.08333333333333333 1
1.0 -0.018430820938949828 0.018384404 5.0 0.4 0.023809523809523808 1
1.0 -0.018430820938949828 0.24301934 6.0 0.16666666666666666 0.04878048780487805 0
1.0 -0.018430820938949828 0.015341604 16.0 0.3125 0.031496062992125984 1
1.0 -0.018430820938949828 0.0 6.0 0.6666666666666666 0.1568627450980392 1
1.0 0.047745649649285474 0.20093 1.0 1.0 0.0 0
1.0 -0.018430820938949828 0.03754189 33.0 0.18181818181818182 0.05752212389380531 0
1.0 -0.018430820938949828 0.21387276 7.0 0.0 0.0 0
1.0 0.010980943766932524 0.4254323 6.0 0.16666666666666666 0.03333333333333333 0
1.0 -0.018430820938949828 0.027903993 4.0 0.25 0.0 1
1.0 -0.018430820938949828 0.12219098 19.0 0.15789473684210525 0.015503875968992248 0
1.0 -0.0037249385860086484 0.6509603 5.0 0.0 0.13333333333333333 0
1.0 -0.018430820938949828 0.11064988 3.0 0.3333333333333333 0.0625 1
1.0 -0.018430820938949828 0.078611195 5.0 0.2 0.0425531914893617 1
1.0 -0.011077879762479238 0.52611303 1.0 2.0 0.07142857142857142 1
1.0 -0.018430820938949828 0.033154055 15.0 0.3333333333333333 0.02158273381294964 1
1.0 -0.018430820938949828 0.08013266 40.0 0.2 0.09850746268656717 1
1.0 0.05509859082575605 0.1933239 8.0 0.0 0.08 0
1.0 -0.018430820938949828 0.029610954 10.0 0.1 0.029850746268656716 1
1.0 -0.018430820938949828 0.02641969 15.0 0.13333333333333333 0.01680672268907563 1
1.0 0.18745153200222664 0.13831894 2.0 0.0 0.0 0
1.0 -0.018430820938949828 0.19338714 5.0 0.2 0.05263157894736842 0
1.0 -0.018430820938949828 0.0 5.0 0.2 0.045454545454545456 1
1.0 -0.018430820938949828 0.007062122 4.0 0.75 0.05714285714285714 0
1.0 -0.018430820938949828 0.05974484 13.0 0.23076923076923078 0.034482758620689655 1
1.0 -0.018430820938949828 0.3191585 5.0 0.0 0.05263157894736842 0
1.0 -0.018430820938949828 0.017197566 21.0 0.19047619047619047 0.0 0
1.0 -0.018430820938949828 0.13756552 4.0 0.25 0.030303030303030304 0
1.0 -0.018430820938949828 0.055075236 14.0 0.14285714285714285 0.027777777777777776 0
1.0 -0.018430820938949828 0.13941164 6.0 0.16666666666666666 0.0196078431372549 0
1.0 -0.018430820938949828 0.06345113 3.0 0.3333333333333333 0.037037037037037035 1
1.0 -0.018430820938949828 0.023712637 3.0 0.0 0.05263157894736842 1
1.0 -0.018430820938949828 0.056417055 10.0 0.3 0.014150943396226415 1
1.0 -0.018430820938949828 0.06442274 13.0 0.23076923076923078 0.09900990099009901 0
1.0 -0.018430820938949828 0.06330162 2.0 0.5 0.0625 1
1.0 0.1653927084728149 0.069083616 11.0 0.2727272727272727 0.03636363636363636 0
1.0 -0.018430820938949828 0.08061102 23.0 0.17391304347826086 0.005952380952380952 0
1.0 -0.018430820938949828 0.2124468 5.0 0.0 0.037037037037037035 0
1.0 -0.018430820938949828 0.02317675 5.0 0.4 0.0 0
1.0 -0.018430820938949828 0.22873351 4.0 0.0 0.03225806451612903 0
1.0 -0.0037249385860086484 0.20608495 15.0 0.13333333333333333 0.01694915254237288 0
1.0 -0.018430820938949828 0.0059184954 7.0 0.14285714285714285 0.02631578947368421 1
1.0 0.010980943766932524 0.18049137 5.0 0.0 0.0 0
1.0 -0.018430820938949828 0.06455783 27.0 0.14814814814814814 0.011494252873563218 1
1.0 0.20215741435516782 0.0982532 27.0 0.25925925925925924 0.012121212121212121 0
1.0 -0.018430820938949828 0.036494903 4.0 0.25 0.05555555555555555 1
1.0 -0.018430820938949828 0.43422562 5.0 0.0 0.05 0
1.0 -0.018430820938949828 0.06355775 26.0 0.46153846153846156 0.0078125 1
1.0 -0.018430820938949828 0.028896198 16.0 0.25 0.036585365853658534 0
1.0 -0.018430820938949828 0.024037715 9.0 0.1111111111111111 0.016129032258064516 1
1.0 0.7830397672963443 0.13136646 13.0 0.07692307692307693 0.013513513513513514 0
1.0 -0.018430820938949828 0.28880686 4.0 0.0 0.02857142857142857 0
1.0 -0.018430820938949828 0.1420534 44.0 0.13636363636363635 0.022364217252396165 0
1.0 -0.018430820938949828 0.04148812 8.0 0.25 0.0 1
1.0 -0.018430820938949828 0.07430303 13.0 0.07692307692307693 0.011111111111111112 1
1.0 -0.018430820938949828 0.110722646 3.0 0.3333333333333333 0.047619047619047616 1
1.0 -0.018430820938949828 0.026716784 8.0 0.0 0.02564102564102564 1
1.0 -0.018430820938949828 0.04876805 44.0 0.22727272727272727 0.0031545741324921135 1
1.0 -0.018430820938949828 0.051621486 7.0 0.2857142857142857 0.04 1
1.0 -0.018430820938949828 0.027755423 17.0 0.23529411764705882 0.045454545454545456 1
1.0 0.4815691790610502 0.06539435 4.0 0.25 0.047619047619047616 0
1.0 0.0036280025904619415 0.5445166 2.0 0.0 0.07142857142857142 0
1.0 -0.018430820938949828 0.015332391 4.0 0.0 0.03333333333333333 1
1.0 -0.018430820938949828 0.076494284 6.0 0.0 0.045454545454545456 1
1.0 0.07715741435516782 0.22174725 3.0 0.3333333333333333 0.8 0
1.0 0.3933338849434031 0.051106557 9.0 0.2222222222222222 0.058823529411764705 0
1.0 -0.018430820938949828 0.054854844 12.0 0.4166666666666667 0.0 0
1.0 0.3565691790610502 0.014945356 18.0 0.3333333333333333 0.014084507042253521 0
1.0 -0.018430820938949828 0.21435893 2.0 0.0 0.07692307692307693 1
1.0 0.047745649649285474 0.20112066 6.0 0.16666666666666666 0.02127659574468085 0
1.0 -0.018430820938949828 0.029610954 11.0 0.0 0.0 1
1.0 -0.018430820938949828 0.047242325 5.0 0.6 0.03508771929824561 1
1.0 -0.018430820938949828 0.19773823 3.0 0.0 0.09090909090909091 1
1.0 0.3933338849434031 0.05599221 5.0 0.2 0.04878048780487805 0
1.0 0.3712750614139913 0.07683766 19.0 0.2631578947368421 0.0 0
1.0 -0.018430820938949828 0.043505047 4.0 0.5 0.034482758620689655 0
1.0 -0.018430820938949828 0.23101887 5.0 0.0 0.05 0
1.0 -0.018430820938949828 0.10149234 5.0 0.2 0.043478260869565216 1
1.0 -0.018430820938949828 0.14091195 6.0 0.0 0.03125 0
1.0 0.27568682611987366 0.50445217 5.0 0.4 0.027777777777777776 0
1.0 0.3492162378845795 0.677368 3.0 0.0 0.2727272727272727 0
1.0 -0.018430820938949828 0.05327555 8.0 0.0 0.19047619047619047 1
1.0 0.0036280025904619415 0.22703573 2.0 0.0 0.0 0
1.0 0.0036280025904619415 0.1475225 35.0 0.2571428571428571 0.01593625498007968 0
1.0 0.1653927084728149 0.22403118 13.0 0.15384615384615385 0.012987012987012988 0
1.0 -0.0037249385860086484 0.27629533 7.0 0.14285714285714285 0.0 0
1.0 0.025686826119873704 0.44188473 8.0 0.0 0.0 0
1.0 0.216863296708109 0.3255503 15.0 0.4 0.052083333333333336 0
1.0 -0.018430820938949828 0.046331614 13.0 0.46153846153846156 0.008695652173913044 1
1.0 -0.018430820938949828 0.035385467 4.0 0.25 0.06666666666666667 1
1.0 -0.018430820938949828 0.0 5.0 0.0 0.631578947368421 1
1.0 0.0036280025904619415 0.47302628 6.0 0.0 0.03333333333333333 0
1.0 -0.018430820938949828 0.058420744 5.0 0.2 0.06521739130434782 1
1.0 0.1433338849434031 0.97425574 4.0 0.0 0.05263157894736842 0
1.0 0.42274564964928546 0.07585597 12.0 0.16666666666666666 0.036585365853658534 0
1.0 0.05509859082575605 0.7288848 7.0 0.0 0.10526315789473684 0
1.0 -0.018430820938949828 0.08346732 9.0 0.2222222222222222 0.0 1
1.0 -0.018430820938949828 0.1450531 3.0 0.0 0.05263157894736842 0
1.0 -0.018430820938949828 0.0 1.0 0.0 0.0 1
1.0 -0.018430820938949828 0.056185603 14.0 0.35714285714285715 0.017241379310344827 0
1.0 -0.011077879762479238 0.25498185 4.0 0.25 0.08 0
1.0 -0.018430820938949828 0.114343725 5.0 0.0 0.03571428571428571 1
1.0 0.07715741435516782 0.50659966 27.0 0.18518518518518517 0.023923444976076555 0
1.0 0.07715741435516782 0.2977286 3.0 0.0 0.05 0
1.0 -0.018430820938949828 0.03423939 19.0 0.47368421052631576 0.020134228187919462 0
1.0 -0.011077879762479238 0.23015472 3.0 0.3333333333333333 0.1111111111111111 1
1.0 -0.018430820938949828 0.08037829 12.0 0.25 0.0 1
1.0 -0.018430820938949828 0.21993501 22.0 0.18181818181818182 0.017857142857142856 0
1.0 -0.018430820938949828 0.09764307 90.0 0.23333333333333334 0.008902077151335312 0
1.0 0.15803976729634428 0.041464563 7.0 0.14285714285714285 0.03225806451612903 0
1.0 0.15068682611987372 0.02819173 14.0 0.07142857142857142 0.0136986301369863 0
1.0 0.033039767296344294 0.8433163 5.0 0.0 0.0 0
1.0 -0.018430820938949828 0.03622527 8.0 0.125 0.016666666666666666 1
1.0 0.040392708472814884 0.20310743 8.0 0.0 0.0 0
1.0 -0.018430820938949828 0.05090297 21.0 0.23809523809523808 0.01282051282051282 0
1.0 0.0036280025904619415 0.15843248 15.0 0.13333333333333333 0.010869565217391304 0
1.0 -0.018430820938949828 0.117402 6.0 0.16666666666666666 0.030303030303030304 0
1.0 -0.018430820938949828 0.0148711745 7.0 0.0 0.0 1
1.0 -0.018430820938949828 0.046809763 14.0 0.21428571428571427 0.017699115044247787 1
1.0 -0.018430820938949828 0.11350485 6.0 0.0 0.04 1
1.0 -0.018430820938949828 7.859296E-5 38.0 0.13157894736842105 0.5603271983640081 1
1.0 -0.018430820938949828 0.19859894 5.0 0.4 0.07692307692307693 0
1.0 -0.018430820938949828 0.0 2.0 1.0 0.0 1
1.0 -0.0037249385860086484 0.19758593 16.0 0.125 0.024691358024691357 1
1.0 -0.018430820938949828 0.24511297 9.0 0.0 0.017857142857142856 0
1.0 0.040392708472814884 0.30515578 2.0 0.5 0.045454545454545456 0
1.0 -0.018430820938949828 0.095258296 23.0 0.08695652173913043 0.0 0
1.0 -0.018430820938949828 0.05133307 12.0 0.25 0.045454545454545456 0
1.0 -0.018430820938949828 0.0 29.0 0.0 0.001358695652173913 1
1.0 0.018333884943403114 0.23334676 17.0 0.058823529411764705 0.02 0
1.0 -0.018430820938949828 0.0 6.0 0.0 0.07692307692307693 1
1.0 -0.018430820938949828 0.0 3.0 0.3333333333333333 0.0 1
1.0 0.13598094376693254 0.041265257 15.0 0.2 0.021739130434782608 0
1.0 -0.018430820938949828 0.056297738 7.0 0.2857142857142857 0.34 1
1.0 -0.018430820938949828 0.15234815 18.0 0.3333333333333333 0.015748031496062992 0
1.0 -0.018430820938949828 0.2744233 7.0 0.0 0.023255813953488372 0
1.0 -0.018430820938949828 0.2266457 11.0 0.18181818181818182 0.09090909090909091 1
1.0 -0.018430820938949828 0.060587924 29.0 0.20689655172413793 0.04285714285714286 1
1.0 -0.018430820938949828 0.018639017 3.0 0.0 0.037037037037037035 1
1.0 -0.018430820938949828 0.010164877 10.0 0.2 0.06172839506172839 0
1.0 -0.018430820938949828 0.0 1.0 0.0 0.0 1
1.0 -0.018430820938949828 0.023712637 1.0 2.0 0.0 1
1.0 0.20951035553163838 0.09930188 23.0 0.17391304347826086 0.0 0
1.0 -0.018430820938949828 0.095277674 22.0 0.045454545454545456 0.010101010101010102 1
1.0 -0.018430820938949828 0.033459928 12.0 0.16666666666666666 0.011111111111111112 1
1.0 -0.018430820938949828 0.24348193 36.0 0.19444444444444445 0.010101010101010102 0
1.0 0.9742162378845796 0.0913756 26.0 0.19230769230769232 0.011111111111111112 0
1.0 -0.018430820938949828 0.063390516 10.0 0.1 0.01282051282051282 1
1.0 -0.018430820938949828 0.01976873 5.0 0.2 0.0425531914893617 1
1.0 -0.018430820938949828 0.05851631 18.0 0.16666666666666666 0.017094017094017096 1
1.0 -0.018430820938949828 0.07758116 4.0 0.0 0.041666666666666664 1
1.0 -0.018430820938949828 0.0 1.0 0.0 0.0 1
1.0 -0.018430820938949828 0.052215934 6.0 0.16666666666666666 0.03636363636363636 1
1.0 -0.018430820938949828 0.017197317 23.0 0.21739130434782608 0.029069767441860465 1
1.0 -0.011077879762479238 0.18245067 13.0 0.15384615384615385 0.012195121951219513 0
1.0 -0.018430820938949828 0.19318295 17.0 0.23529411764705882 0.023809523809523808 0
1.0 0.20951035553163838 0.16368051 5.0 0.4 0.03571428571428571 0
1.0 0.018333884943403114 0.21370016 5.0 0.4 0.038461538461538464 0
1.0 -0.018430820938949828 0.057259135 11.0 0.18181818181818182 0.0 1
1.0 0.033039767296344294 0.20900786 6.0 0.16666666666666666 0.02702702702702703 0
1.0 0.46686329670810894 0.054141503 4.0 0.0 0.0 0
1.0 -0.018430820938949828 0.10241625 19.0 0.15789473684210525 0.022058823529411766 1
1.0 -0.018430820938949828 0.01953128 13.0 0.3076923076923077 0.02608695652173913 1
1.0 0.033039767296344294 0.2278432 12.0 0.3333333333333333 0.021052631578947368 0
1.0 -0.0037249385860086484 0.16783781 27.0 0.25925925925925924 0.016304347826086956 0
1.0 0.025686826119873704 0.0797108 74.0 0.22972972972972974 0.0234375 1
1.0 0.29039270847281484 0.90872633 44.0 0.25 0.03785488958990536 0
1.0 0.033039767296344294 0.024618885 9.0 0.2222222222222222 0.0410958904109589 0
1.0 0.15803976729634428 0.14941765 6.0 0.3333333333333333 0.0 0
1.0 0.05509859082575605 0.31431264 1.0 0.0 0.16666666666666666 0
1.0 -0.011077879762479238 0.11959149 2.0 1.0 0.14285714285714285 1
1.0 0.0036280025904619415 0.023664875 3.0 0.3333333333333333 0.25806451612903225 0
1.0 -0.018430820938949828 0.0 1.0 0.0 0.0 1
1.0 -0.018430820938949828 0.0 1.0 0.0 0.0 1
1.0 -0.018430820938949828 0.043715835 13.0 0.15384615384615385 0.046511627906976744 1
1.0 -0.018430820938949828 0.0 2.0 0.0 0.7272727272727273 1
1.0 -0.018430820938949828 0.06906637 21.0 0.19047619047619047 0.015625 1
1.0 -0.0037249385860086484 0.03578238 11.0 0.09090909090909091 0.014084507042253521 0
1.0 -0.011077879762479238 0.09232886 8.0 0.125 0.03571428571428571 1
1.0 -0.018430820938949828 0.0 4.0 0.0 0.125 1
1.0 -0.0037249385860086484 0.18384981 15.0 0.0 0.0 0
1.0 0.10656917906105018 0.39825377 11.0 0.09090909090909091 0.08333333333333333 0
1.0 -0.018430820938949828 0.01855881 11.0 0.09090909090909091 0.041666666666666664 1
1.0 -0.018430820938949828 0.041070834 10.0 0.3 0.056179775280898875 1
1.0 -0.018430820938949828 0.058090616 30.0 0.13333333333333333 0.011976047904191617 1
1.0 0.091863296708109 0.18051706 9.0 0.2222222222222222 0.034482758620689655 0
1.0 -0.018430820938949828 0.025609104 8.0 0.25 0.04411764705882353 1
1.0 0.0036280025904619415 0.09824791 5.0 0.4 0.05555555555555555 0
1.0 0.07715741435516782 0.22392207 9.0 0.3333333333333333 0.015384615384615385 0
1.0 -0.018430820938949828 0.04628495 4.0 0.25 0.05128205128205128 1
1.0 -0.018430820938949828 0.089623325 4.0 0.75 0.05555555555555555 1
1.0 -0.018430820938949828 0.0035039748 8.0 0.375 0.024691358024691357 1
1.0 -0.0037249385860086484 0.05370088 84.0 0.20238095238095238 0.012965964343598054 0
1.0 -0.011077879762479238 0.09582439 3.0 0.3333333333333333 0.041666666666666664 1
1.0 -0.018430820938949828 0.22967446 3.0 0.0 0.0 1
1.0 0.040392708472814884 0.15333822 6.0 0.16666666666666666 0.05128205128205128 0
1.0 -0.018430820938949828 0.030194797 8.0 0.0 0.03389830508474576 0
1.0 0.0036280025904619415 0.101947114 5.0 0.4 0.04 0
1.0 -0.0037249385860086484 0.046971 7.0 0.0 0.034482758620689655 0
1.0 0.12862800259046192 0.19394326 5.0 0.0 0.030303030303030304 0
1.0 -0.018430820938949828 0.013904834 11.0 0.2727272727272727 0.023809523809523808 1
1.0 0.3712750614139913 0.20624515 6.0 0.0 0.027777777777777776 0
1.0 0.091863296708109 0.07493496 8.0 0.125 0.02857142857142857 0
1.0 -0.018430820938949828 0.017902918 13.0 0.0 0.04285714285714286 1
1.0 0.23156917906105018 0.15436289 8.0 0.125 0.05 0
1.0 -0.011077879762479238 0.016783793 12.0 0.08333333333333333 0.0 1
1.0 0.46686329670810894 0.09423393 4.0 0.0 0.07407407407407407 0
1.0 0.033039767296344294 0.024059618 14.0 0.0 0.0125 0
1.0 0.40068682611987366 0.011761103 7.0 0.14285714285714285 0.023255813953488372 0
1.0 -0.018430820938949828 0.0 3.0 0.0 0.041666666666666664 1
1.0 -0.018430820938949828 0.024420753 13.0 0.23076923076923078 0.053763440860215055 1
1.0 -0.018430820938949828 0.023270816 8.0 0.125 0.02127659574468085 1
1.0 -0.018430820938949828 0.03114043 13.0 0.3076923076923077 0.018018018018018018 1
1.0 -0.018430820938949828 0.05362095 7.0 0.14285714285714285 0.04081632653061224 1
1.0 -0.018430820938949828 0.14393666 8.0 0.125 0.031746031746031744 0
1.0 -0.018430820938949828 0.02192727 17.0 0.17647058823529413 0.009345794392523364 1
1.0 -0.018430820938949828 0.12032034 5.0 0.2 0.03333333333333333 0
1.0 0.06245153200222664 0.34823376 13.0 0.07692307692307693 0.028985507246376812 0
1.0 -0.018430820938949828 0.0483621 4.0 0.5 0.13636363636363635 0
1.0 -0.018430820938949828 0.012524114 13.0 0.15384615384615385 0.021505376344086023 1
1.0 -0.011077879762479238 0.047764916 354.0 0.1553672316384181 0.01901863826550019 1
1.0 -0.011077879762479238 0.0 3.0 0.3333333333333333 0.125 1
1.0 -0.018430820938949828 0.034281407 5.0 0.0 0.02631578947368421 1
1.0 -0.018430820938949828 0.058681183 46.0 0.17391304347826086 0.012738853503184714 1
1.0 -0.018430820938949828 0.054551598 6.0 0.16666666666666666 0.0392156862745098 1
1.0 -0.018430820938949828 0.019090699 16.0 0.25 0.050314465408805034 0
1.0 0.7389221202375207 0.054869913 9.0 0.2222222222222222 0.0 0
1.0 -0.0037249385860086484 0.12974614 3.0 0.0 0.0 0
1.0 0.06245153200222664 0.0081240125 4.0 1.25 0.058823529411764705 0
1.0 0.06245153200222664 0.7934879 3.0 0.0 0.16666666666666666 0
1.0 0.4153927084728149 0.16783641 11.0 0.0 0.02666666666666667 0
1.0 -0.018430820938949828 0.0 8.0 0.125 0.0 1
1.0 -0.018430820938949828 0.014836458 5.0 0.2 0.05 1
1.0 -0.011077879762479238 0.023707548 35.0 0.3142857142857143 0.02888086642599278 1
1.0 -0.018430820938949828 0.0 2.0 0.0 0.125 1
1.0 -0.018430820938949828 0.04879781 6.0 0.3333333333333333 0.06451612903225806 0
1.0 0.6948044731786971 0.01817457 14.0 0.21428571428571427 0.014285714285714285 0
1.0 -0.018430820938949828 0.035513423 24.0 0.08333333333333333 0.005681818181818182 0
1.0 -0.018430820938949828 0.026117945 12.0 0.16666666666666666 0.012048192771084338 0
1.0 -0.018430820938949828 0.07966052 41.0 0.2926829268292683 0.03345724907063197 0
1.0 0.033039767296344294 0.20063408 5.0 0.0 0.020833333333333332 0
1.0 -0.018430820938949828 0.017648393 3.0 0.3333333333333333 0.05555555555555555 1
1.0 -0.018430820938949828 0.031231333 6.0 0.3333333333333333 0.0625 1
1.0 -0.018430820938949828 0.0055340705 10.0 0.2 0.030303030303030304 1
1.0 -0.018430820938949828 0.0 1.0 0.0 0.0 1
1.0 -0.0037249385860086484 0.15819046 3.0 0.3333333333333333 0.05555555555555555 0
1.0 -0.018430820938949828 0.0343662 6.0 0.3333333333333333 0.02631578947368421 1
1.0 0.4815691790610502 0.2160329 8.0 0.0 0.018518518518518517 0
1.0 -0.018430820938949828 0.02616289 6.0 0.5 0.03389830508474576 1
1.0 -0.018430820938949828 0.094384514 20.0 0.15 0.028368794326241134 1
1.0 -0.011077879762479238 0.14237283 11.0 0.0 0.013513513513513514 0
1.0 -0.018430820938949828 0.009496728 10.0 0.4 0.02247191011235955 1
1.0 -0.018430820938949828 0.010292766 11.0 0.09090909090909091 0.03571428571428571 1
1.0 -0.018430820938949828 0.016160352 7.0 0.2857142857142857 0.044444444444444446 1
1.0 0.06245153200222664 0.28036302 6.0 0.0 0.0 0
1.0 0.46686329670810894 0.0 1.0 0.0 0.0 0
1.0 -0.018430820938949828 0.030246893 12.0 0.16666666666666666 0.013888888888888888 1
1.0 -0.018430820938949828 0.024230896 12.0 0.16666666666666666 0.031914893617021274 1
1.0 0.253628002590462 0.13788868 6.0 0.5 0.0851063829787234 0
1.0 -0.018430820938949828 0.036689196 7.0 0.14285714285714285 0.1 1
1.0 0.3271574143551678 0.1025437 10.0 0.4 0.04 0
1.0 -0.018430820938949828 0.0 3.0 0.3333333333333333 0.045454545454545456 1
1.0 -0.018430820938949828 0.08701819 3.0 1.0 0.19148936170212766 1
1.0 -0.011077879762479238 0.04308551 22.0 0.2727272727272727 0.013888888888888888 1
1.0 -0.018430820938949828 0.0 1.0 0.0 0.0 1
1.0 0.018333884943403114 0.14873172 11.0 0.09090909090909091 0.02 0
1.0 -0.018430820938949828 0.022027697 13.0 0.3076923076923077 0.02040816326530612 1
1.0 -0.018430820938949828 0.5080143 7.0 0.14285714285714285 0.03571428571428571 0
1.0 -0.011077879762479238 0.42028767 44.0 0.25 0.021021021021021023 0
1.0 -0.018430820938949828 0.0932199 17.0 0.11764705882352941 0.02127659574468085 0
1.0 -0.018430820938949828 0.0 2.0 0.0 0.125 1
1.0 -0.011077879762479238 0.24813409 5.0 0.4 0.04878048780487805 0
1.0 -0.018430820938949828 0.0 1.0 0.0 0.125 1
1.0 0.033039767296344294 0.10126713 28.0 0.14285714285714285 0.04430379746835443 0
1.0 0.20215741435516782 0.096260935 4.0 0.0 0.043478260869565216 0
1.0 -0.018430820938949828 0.041741177 13.0 0.15384615384615385 0.037037037037037035 1
1.0 -0.018430820938949828 0.07165474 12.0 0.3333333333333333 0.044444444444444446 0
1.0 0.13598094376693254 0.21072769 17.0 0.17647058823529413 0.022727272727272728 0
1.0 0.06980447317869723 0.25026396 3.0 0.3333333333333333 0.043478260869565216 0
1.0 -0.018430820938949828 0.046888337 10.0 0.2 0.04838709677419355 0
1.0 0.047745649649285474 0.2055063 3.0 0.6666666666666666 0.03225806451612903 0
1.0 0.7977456496492854 0.0 2.0 0.0 0.0 0
1.0 -0.011077879762479238 0.015618654 30.0 0.26666666666666666 0.027777777777777776 1
1.0 -0.018430820938949828 0.037739057 6.0 0.3333333333333333 0.044444444444444446 1
1.0 -0.018430820938949828 0.004447199 7.0 0.7142857142857143 0.06818181818181818 1
1.0 0.841863296708109 0.1418479 8.0 0.375 0.06349206349206349 0
1.0 -0.018430820938949828 0.19830215 9.0 0.2222222222222222 0.05 0
1.0 -0.011077879762479238 0.0 4.0 0.0 0.045454545454545456 1
1.0 -0.0037249385860086484 0.17546675 4.0 0.0 0.043478260869565216 0
1.0 -0.018430820938949828 0.023447718 8.0 0.125 0.03278688524590164 1
1.0 -0.018430820938949828 0.045415297 8.0 0.25 0.07142857142857142 0
1.0 -0.018430820938949828 0.023233026 15.0 0.06666666666666667 0.019417475728155338 1
1.0 -0.018430820938949828 0.13339812 2.0 0.5 0.1111111111111111 1
1.0 -0.018430820938949828 0.08866595 11.0 0.2727272727272727 0.05454545454545454 1
1.0 -0.018430820938949828 0.019822823 3.0 0.3333333333333333 0.4186046511627907 1
1.0 -0.018430820938949828 0.020839186 2.0 0.5 0.0625 1
1.0 -0.018430820938949828 0.032114327 49.0 0.16326530612244897 0.021052631578947368 1
1.0 -0.011077879762479238 0.038449362 5.0 0.2 0.04878048780487805 1
1.0 0.3124515320022266 0.17930116 4.0 0.0 0.0 0
1.0 -0.018430820938949828 0.037885074 2.0 1.0 0.09375 1
1.0 -0.018430820938949828 0.03699573 8.0 0.25 0.03571428571428571 0
1.0 0.3492162378845795 0.14372298 12.0 0.08333333333333333 0.014705882352941176 0
1.0 -0.018430820938949828 0.027731054 14.0 0.21428571428571427 0.018018018018018018 1
1.0 -0.018430820938949828 0.013882346 10.0 0.2 0.08571428571428572 1
1.0 -0.018430820938949828 0.033061482 47.0 0.2127659574468085 0.01511879049676026 1
1.0 -0.018430820938949828 0.006810196 8.0 0.25 0.05660377358490566 1
1.0 0.11392212023752077 0.13611016 5.0 0.0 0.06666666666666667 0
1.0 0.5330397672963443 0.1617651 11.0 0.2727272727272727 0.025974025974025976 0
1.0 0.06980447317869723 0.36431485 8.0 0.375 0.014925373134328358 0
1.0 -0.018430820938949828 0.07697688 6.0 0.16666666666666666 0.06060606060606061 1
1.0 -0.018430820938949828 0.05814624 31.0 0.1935483870967742 0.020202020202020204 0
1.0 -0.018430820938949828 0.05898142 8.0 0.25 0.022222222222222223 0
1.0 0.23156917906105018 0.15490723 5.0 0.4 0.10810810810810811 0
1.0 -0.018430820938949828 0.06435892 15.0 0.13333333333333333 0.018518518518518517 1
1.0 -0.018430820938949828 0.09231821 9.0 0.1111111111111111 0.03571428571428571 1
1.0 -0.018430820938949828 0.027866887 13.0 0.5384615384615384 0.031746031746031744 0
1.0 -0.018430820938949828 0.006720513 12.0 0.16666666666666666 0.04597701149425287 0
1.0 -0.018430820938949828 0.044911653 7.0 0.2857142857142857 0.02040816326530612 0
1.0 0.5403927084728148 0.2100756 15.0 0.2 0.03225806451612903 0
1.0 0.06980447317869723 0.31623927 63.0 0.1746031746031746 0.023121387283236993 0
1.0 0.018333884943403114 0.03077551 27.0 0.14814814814814814 0.017964071856287425 0
1.0 -0.018430820938949828 0.016886476 17.0 0.23529411764705882 0.027777777777777776 1
1.0 -0.018430820938949828 0.020399727 6.0 0.3333333333333333 0.04081632653061224 1
1.0 0.5771574143551679 0.10611599 4.0 0.0 0.09090909090909091 0
1.0 -0.018430820938949828 0.04607816 4.0 0.25 0.05263157894736842 1
1.0 -0.011077879762479238 0.0 4.0 0.0 0.05555555555555555 1
1.0 0.26098094376693254 0.06579579 5.0 0.0 0.03125 0
1.0 0.010980943766932524 0.3241651 30.0 0.1 0.030837004405286344 0
1.0 0.9815691790610501 0.12722357 3.0 0.0 0.11764705882352941 0
1.0 0.12127506141399136 0.17930116 4.0 0.5 0.03333333333333333 0
1.0 -0.011077879762479238 0.0 1.0 0.0 0.0 1
1.0 0.05509859082575605 0.0 1481.0 0.15530047265361244 0.01865200937105785 0
1.0 0.5036280025904618 0.052337263 8.0 0.375 0.03225806451612903 0
1.0 -0.018430820938949828 0.12062583 6.0 0.0 0.034482758620689655 0
1.0 -0.018430820938949828 0.058433533 20.0 0.15 0.03571428571428571 0
1.0 -0.018430820938949828 0.06792363 9.0 0.1111111111111111 0.04838709677419355 1
1.0 -0.018430820938949828 0.011392443 6.0 0.16666666666666666 0.06382978723404255 1
1.0 -0.018430820938949828 0.041918643 7.0 0.42857142857142855 0.03389830508474576 1
1.0 -0.018430820938949828 0.0117342025 15.0 0.13333333333333333 0.03409090909090909 1
1.0 -0.018430820938949828 0.07781266 6.0 0.3333333333333333 0.046511627906976744 1
1.0 0.06245153200222664 0.24090506 2.0 0.0 0.4444444444444444 0
1.0 -0.018430820938949828 0.034653652 31.0 0.22580645161290322 0.0106951871657754 1
1.0 -0.018430820938949828 0.026361596 10.0 0.4 0.0273972602739726 1
1.0 -0.018430820938949828 0.015274493 18.0 0.3888888888888889 0.05806451612903226 1
1.0 -0.018430820938949828 0.05111281 9.0 0.4444444444444444 0.02564102564102564 1
1.0 -0.018430820938949828 0.012658978 11.0 0.2727272727272727 0.014492753623188406 1
1.0 -0.0037249385860086484 0.1840061 21.0 0.23809523809523808 0.0319634703196347 0
1.0 -0.018430820938949828 0.0 1.0 0.0 0.0 1
1.0 0.7536280025904618 0.0 1.0 0.0 0.0 0
1.0 -0.018430820938949828 0.15440008 6.0 0.0 0.05405405405405406 0
1.0 -0.018430820938949828 0.019658284 23.0 0.34782608695652173 0.02631578947368421 1
1.0 -0.018430820938949828 0.025700059 13.0 0.38461538461538464 0.029411764705882353 1
1.0 -0.018430820938949828 0.025968913 129.0 0.16279069767441862 0.10050761421319797 1
1.0 -0.018430820938949828 0.017949222 8.0 0.5 0.0410958904109589 1
1.0 0.3345103555316384 0.024685128 17.0 0.17647058823529413 0.008695652173913044 0
1.0 0.08451035553163841 0.16961041 5.0 0.2 0.03125 0
1.0 -0.018430820938949828 0.0 1.0 0.0 0.0 1
1.0 -0.018430820938949828 0.0343228 9.0 0.1111111111111111 0.02 1
1.0 -0.011077879762479238 0.027078964 24.0 0.125 0.04861111111111111 0
1.0 0.025686826119873704 0.014424743 12.0 0.08333333333333333 0.025 1
1.0 -0.018430820938949828 0.0 3.0 0.0 0.5454545454545454 1
1.0 -0.018430820938949828 0.0060445345 5.0 0.8 0.08 1
1.0 -0.018430820938949828 0.13516882 7.0 0.42857142857142855 0.0392156862745098 1
1.0 -0.018430820938949828 0.019202318 10.0 0.2 0.03389830508474576 1
1.0 -0.018430820938949828 0.086993486 10.0 0.2 0.05 0
1.0 -0.018430820938949828 0.019427259 5.0 0.2 0.047619047619047616 1
1.0 -0.018430820938949828 0.0070961667 6.0 0.0 0.03225806451612903 1
1.0 0.040392708472814884 0.19097994 11.0 0.2727272727272727 0.046153846153846156 0
1.0 -0.018430820938949828 0.23422948 4.0 0.5 0.0 0
1.0 -0.011077879762479238 0.009991612 9.0 0.3333333333333333 0.029411764705882353 1
1.0 -0.011077879762479238 0.29691038 5.0 0.2 0.05714285714285714 0
1.0 -0.018430820938949828 0.011500501 9.0 0.2222222222222222 0.0 1
1.0 -0.011077879762479238 0.038599767 15.0 0.2 0.043010752688172046 1
1.0 0.17274564964928546 0.58954424 22.0 0.13636363636363635 0.04054054054054054 0
1.0 0.06980447317869723 0.017343275 8.0 0.25 0.04411764705882353 0
1.0 -0.018430820938949828 0.021698415 6.0 0.16666666666666666 0.04081632653061224 1
1.0 -0.018430820938949828 0.023220612 12.0 0.25 0.022988505747126436 1
1.0 0.4521574143551678 0.10298661 14.0 0.0 0.041237113402061855 0
1.0 -0.018430820938949828 0.08335892 245.0 0.12653061224489795 0.017079889807162536 1
1.0 0.025686826119873704 0.42344445 3.0 0.0 0.15384615384615385 0
1.0 0.010980943766932524 0.43945026 1.0 0.0 1.0 0
1.0 -0.018430820938949828 0.023747332 11.0 0.18181818181818182 0.06382978723404255 1
1.0 -0.018430820938949828 0.04807344 8.0 0.125 0.043478260869565216 1
1.0 -0.018430820938949828 0.03994875 12.0 0.08333333333333333 0.0963855421686747 1
1.0 0.13598094376693254 0.16085067 6.0 0.0 0.0 0
1.0 -0.018430820938949828 0.112127244 4.0 0.5 0.0 0
1.0 0.010980943766932524 0.043873765 7.0 0.14285714285714285 0.021739130434782608 1
1.0 -0.018430820938949828 0.0104429405 16.0 0.125 0.02 1
1.0 -0.018430820938949828 0.15850897 3.0 0.0 0.0625 1
1.0 0.05509859082575605 0.07054522 5.0 0.4 0.029850746268656716 0
1.0 0.4962750614139913 0.1619032 41.0 0.17073170731707318 0.009554140127388535 0
1.0 0.047745649649285474 0.29065332 5.0 0.0 0.07142857142857142 0
1.0 0.12862800259046192 0.07334449 141.0 0.19148936170212766 0.015817223198594025 0
1.0 0.06245153200222664 0.5546845 4.0 0.0 0.038461538461538464 0
1.0 0.06980447317869723 0.0 1.0 0.0 0.0 0
1.0 0.07715741435516782 0.26610792 6.0 0.3333333333333333 0.041666666666666664 0
1.0 -0.018430820938949828 0.0 1.0 0.0 0.0 1
1.0 -0.018430820938949828 0.0 3.0 0.0 0.058823529411764705 1
1.0 -0.018430820938949828 0.09830525 42.0 0.11904761904761904 0.015748031496062992 1
1.0 -0.018430820938949828 0.03619756 36.0 0.19444444444444445 0.020161290322580645 0
1.0 -0.011077879762479238 0.37755924 7.0 0.0 0.11320754716981132 0
1.0 -0.018430820938949828 0.020290697 15.0 0.13333333333333333 0.01020408163265306 0
1.0 -0.018430820938949828 0.026519833 14.0 0.2857142857142857 0.043478260869565216 0
1.0 -0.011077879762479238 0.0 1.0 0.0 0.0 1
1.0 -0.018430820938949828 0.019908689 15.0 0.26666666666666666 0.05102040816326531 1
1.0 -0.011077879762479238 0.04195062 20.0 0.25 0.02142857142857143 0
1.0 0.025686826119873704 0.13550079 2.0 0.0 0.07692307692307693 0
1.0 -0.018430820938949828 0.0 1.0 1.0 0.0 1
1.0 -0.018430820938949828 0.17161039 3.0 0.0 0.09523809523809523 0
1.0 -0.018430820938949828 0.09540805 14.0 0.21428571428571427 0.058823529411764705 0
1.0 -0.018430820938949828 0.0 3.0 0.3333333333333333 0.0 1
1.0 0.047745649649285474 0.15631588 14.0 0.2857142857142857 0.020618556701030927 0
1.0 -0.018430820938949828 0.016344469 16.0 0.0 0.0 0
1.0 -0.018430820938949828 0.08891252 9.0 0.2222222222222222 0.0392156862745098 1
1.0 0.06245153200222664 0.17394474 9.0 0.1111111111111111 0.05172413793103448 0
1.0 -0.011077879762479238 0.20127398 3.0 0.3333333333333333 0.03225806451612903 0
1.0 -0.018430820938949828 0.09718451 8.0 0.0 0.01639344262295082 0
1.0 -0.011077879762479238 0.07784427 7.0 0.14285714285714285 0.024390243902439025 0
1.0 -0.018430820938949828 0.0109150745 6.0 0.16666666666666666 0.025 0
1.0 -0.0037249385860086484 0.040457048 2.0 0.5 0.0625 1
1.0 0.4595103555316384 0.23171528 7.0 0.5714285714285714 0.2786885245901639 0
1.0 -0.018430820938949828 0.013642648 9.0 0.3333333333333333 0.019230769230769232 1
1.0 -0.018430820938949828 0.112402424 8.0 0.0 0.02127659574468085 1
1.0 -0.018430820938949828 0.036366295 6.0 0.16666666666666666 0.03125 1
1.0 0.0036280025904619415 0.4892696 3.0 0.0 0.0 0
1.0 -0.018430820938949828 0.18499815 4.0 0.25 0.03125 0
1.0 -0.018430820938949828 0.010707612 9.0 0.2222222222222222 0.061224489795918366 1
1.0 -0.018430820938949828 0.04908692 46.0 0.10869565217391304 0.006472491909385114 1
1.0 -0.018430820938949828 0.03346326 30.0 0.1 0.017241379310344827 1
1.0 0.06245153200222664 0.53092116 6.0 0.16666666666666666 0.03333333333333333 0
1.0 -0.018430820938949828 0.1538012 5.0 0.0 0.041666666666666664 0
1.0 0.5256868261198737 0.049017556 53.0 0.24528301886792453 0.01904761904761905 0
1.0 -0.018430820938949828 0.023333237 4.0 0.5 0.10526315789473684 1
1.0 0.5477456496492854 0.039316747 17.0 0.11764705882352941 0.01904761904761905 0
1.0 -0.018430820938949828 0.14073175 3.0 0.3333333333333333 0.05 1
1.0 -0.018430820938949828 0.014192332 17.0 0.23529411764705882 0.04807692307692308 1
1.0 -0.0037249385860086484 0.06545681 5.0 0.6 0.03773584905660377 0
1.0 -0.018430820938949828 0.21322414 4.0 0.25 0.0 1
1.0 0.040392708472814884 0.19093972 4.0 0.0 0.07692307692307693 0
1.0 -0.018430820938949828 0.12716112 4.0 0.5 0.058823529411764705 0
1.0 0.40068682611987366 0.06190801 18.0 0.16666666666666666 0.06451612903225806 0
1.0 -0.018430820938949828 0.0 1.0 1.0 0.15384615384615385 1
1.0 0.018333884943403114 0.19160305 20.0 0.15 0.022900763358778626 0
1.0 -0.018430820938949828 0.047685307 14.0 0.21428571428571427 0.009900990099009901 0
1.0 0.5330397672963443 0.032490842 7.0 0.14285714285714285 0.0 0
1.0 -0.011077879762479238 0.092911 8.0 0.0 0.045454545454545456 0