1.0 0.005394544786014324 0.26748475 0.99 0
1.0 0.06569605232370276 0.18789096 0.99 0
1.0 3.6941915787361973E-4 0.0 0.99 1
1.0 0.08077142920812488 0.45474532 0.66 0
1.0 3.6941915787361973E-4 0.02719066 0.99 0
1.0 3.6941915787361973E-4 0.043021716 0.66 1
1.0 3.6941915787361973E-4 0.023712637 0.0 1
1.0 3.6941915787361973E-4 0.030574676 0.99 1
1.0 3.6941915787361973E-4 0.26872563 0.66 1
1.0 3.6941915787361973E-4 0.03580511 0.99 1
1.0 3.6941915787361973E-4 0.06535145 0.99 1
1.0 3.6941915787361973E-4 0.09390749 0.99 0
1.0 0.005394544786014324 0.2037713 0.99 0
1.0 3.6941915787361973E-4 0.043768406 0.99 0
1.0 0.22650007242420528 0.08208002 0.99 0
1.0 3.6941915787361973E-4 8.534224E-4 0.66 1
1.0 3.6941915787361973E-4 0.0 0.0 1
1.0 0.005394544786014324 0.6670222 0.99 0
1.0 3.6941915787361973E-4 0.043336455 0.99 1
1.0 3.6941915787361973E-4 0.0 0.66 0
1.0 0.3370528362433008 0.037426453 0.99 0
1.0 3.6941915787361973E-4 0.026233329 0.99 0
1.0 3.6941915787361973E-4 0.17448495 0.66 0
1.0 3.6941915787361973E-4 0.139236 0.99 1
1.0 3.6941915787361973E-4 0.28546184 0.99 0
1.0 0.025495047298577128 0.26222286 0.99 0
1.0 3.6941915787361973E-4 0.1126982 0.66 0
1.0 3.6941915787361973E-4 0.078433126 0.99 0
1.0 0.005394544786014324 0.19256566 0.99 0
1.0 3.6941915787361973E-4 0.09387454 0.99 0
1.0 0.4928317307156626 0.0672048 0.99 0
1.0 3.6941915787361973E-4 0.0 0.0 1
1.0 3.6941915787361973E-4 0.09952895 0.99 0
1.0 3.6941915787361973E-4 0.0642506 0.33 1
1.0 3.6941915787361973E-4 0.027919961 0.99 1
1.0 0.12097243423325049 0.0 0.99 0
1.0 3.6941915787361973E-4 0.06342588 0.99 0
1.0 3.6941915787361973E-4 0.068858445 0.66 0
1.0 0.045595549811139946 0.18293214 0.99 0
1.0 0.1360478111176726 0.22194347 0.99 0
1.0 3.6941915787361973E-4 0.0 0.66 1
1.0 3.6941915787361973E-4 0.051405802 0.99 0
1.0 3.6941915787361973E-4 0.117139034 0.99 1
1.0 0.21142469553978321 0.09370707 0.99 0
1.0 0.04057042418299925 0.21370016 0.66 0
1.0 3.6941915787361973E-4 0.0 0.0 1
1.0 3.6941915787361973E-4 0.03900816 0.99 0
1.0 0.09584680609254698 0.3393124 0.99 0
1.0 3.6941915787361973E-4 0.030585306 0.99 0
1.0 3.6941915787361973E-4 0.05844869 0.99 0
1.0 3.6941915787361973E-4 0.05593207 0.99 0
1.0 3.6941915787361973E-4 0.11766988 0.99 0
1.0 3.6941915787361973E-4 0.060125936 0.66 0
1.0 3.6941915787361973E-4 0.21370016 0.99 0
1.0 0.05062067543928066 0.21799898 0.99 0
1.0 0.146098062373954 0.0 0.0 0
1.0 3.6941915787361973E-4 0.22960456 0.99 0
1.0 3.6941915787361973E-4 0.026808154 0.99 1
1.0 0.005394544786014324 0.22174725 0.66 0
1.0 3.6941915787361973E-4 0.054200314 0.99 1
1.0 0.055645801067421355 0.4443338 0.66 0
1.0 3.6941915787361973E-4 0.019530833 0.99 1
1.0 0.010419670414155022 0.18671572 0.99 0
1.0 3.6941915787361973E-4 0.37592614 0.99 0
1.0 3.6941915787361973E-4 0.36240292 0.99 0
1.0 0.03554529855485854 0.40979964 0.66 0
1.0 3.6941915787361973E-4 0.06673483 0.99 0
1.0 0.005394544786014324 0.16136003 0.66 0
1.0 3.6941915787361973E-4 0.111146964 0.99 0
1.0 3.6941915787361973E-4 0.1378046 0.99 0
1.0 3.6941915787361973E-4 0.1203891 0.99 0
1.0 3.6941915787361973E-4 0.045624785 0.66 0
1.0 0.02046992167043643 0.1836193 0.99 0
1.0 0.005394544786014324 0.24481921 0.99 0
1.0 3.6941915787361973E-4 0.072527 0.99 0
1.0 3.6941915787361973E-4 0.0 0.0 1
1.0 0.055645801067421355 0.04260347 0.99 0
1.0 3.6941915787361973E-4 0.0585647 0.99 0
1.0 3.6941915787361973E-4 0.039906375 0.99 0
1.0 3.6941915787361973E-4 0.039491653 0.99 0
1.0 3.6941915787361973E-4 0.43155435 0.99 0
1.0 0.005394544786014324 0.021626439 0.99 0
1.0 3.6941915787361973E-4 0.67924476 0.66 0
1.0 3.6941915787361973E-4 0.0 0.0 1
1.0 3.6941915787361973E-4 0.0 0.0 1
1.0 0.15614831363023543 0.069911025 0.99 0
1.0 3.6941915787361973E-4 0.09714636 0.99 0
1.0 0.010419670414155022 0.25640646 0.99 0
1.0 3.6941915787361973E-4 0.062000334 0.99 0
1.0 3.6941915787361973E-4 0.028174356 0.99 0
1.0 0.1008719317206877 0.13309555 0.66 0
1.0 0.005394544786014324 0.23101887 0.66 0
1.0 3.6941915787361973E-4 0.0 0.99 1
1.0 3.6941915787361973E-4 0.031158822 0.99 0
1.0 3.6941915787361973E-4 0.027614187 0.99 0
1.0 3.6941915787361973E-4 0.11594435 0.99 0
1.0 0.10589705734882837 0.23338702 0.66 0
1.0 3.6941915787361973E-4 0.0 0.99 1
1.0 0.05062067543928066 0.1213561 0.99 0
1.0 0.015444796042295733 0.22664341 0.99 0
1.0 3.6941915787361973E-4 0.07448744 0.99 0
1.0 3.6941915787361973E-4 0.065593615 0.99 1
1.0 0.02046992167043643 0.18456061 0.99 0
1.0 0.1360478111176726 0.014357538 0.99 0
1.0 0.08077142920812488 0.44877595 0.66 0
1.0 3.6941915787361973E-4 0.09936091 0.99 0
1.0 3.6941915787361973E-4 0.23513564 0.66 0
1.0 0.04057042418299925 0.2828665 0.99 0
1.0 3.6941915787361973E-4 0.026832765 0.99 1
1.0 3.6941915787361973E-4 0.0585647 0.99 0
1.0 3.6941915787361973E-4 0.019893965 0.99 0
1.0 3.6941915787361973E-4 0.0 0.0 1
1.0 0.03052017292671784 0.15688205 0.99 0
1.0 0.4425804744342556 0.70521176 0.66 0
1.0 0.02046992167043643 0.14430356 0.99 0
1.0 3.6941915787361973E-4 0.0 0.0 1
1.0 3.6941915787361973E-4 0.08754784 0.66 0
1.0 3.6941915787361973E-4 0.34364045 0.66 0
1.0 0.15112318800209473 0.0 0.0 0
1.0 3.6941915787361973E-4 0.20565896 0.99 0
1.0 0.07574630357998419 0.1745473 0.66 0
1.0 3.6941915787361973E-4 0.078418955 0.99 1
1.0 3.6941915787361973E-4 0.1281374 0.66 0
1.0 3.6941915787361973E-4 0.09267252 0.66 0
1.0 3.6941915787361973E-4 0.034900922 0.99 1
1.0 0.025495047298577128 0.17913355 0.99 0
1.0 3.6941915787361973E-4 0.05289094 0.99 1
1.0 0.025495047298577128 0.21468358 0.99 0
1.0 0.005394544786014324 0.5236524 0.66 0
1.0 3.6941915787361973E-4 0.02375548 0.66 0
1.0 3.6941915787361973E-4 0.13780545 0.99 0
1.0 3.6941915787361973E-4 0.023625381 0.99 1
1.0 3.6941915787361973E-4 0.014867711 0.66 1
1.0 0.015444796042295733 0.16260093 0.99 1
1.0 0.025495047298577128 0.59427506 0.0 0
1.0 3.6941915787361973E-4 0.08062233 0.99 0
1.0 3.6941915787361973E-4 0.46951452 0.99 0
1.0 3.6941915787361973E-4 0.1981816 0.99 0
1.0 0.010419670414155022 0.1685612 0.66 0
1.0 3.6941915787361973E-4 0.08900674 0.66 0
1.0 0.055645801067421355 0.21370016 0.66 0
1.0 3.6941915787361973E-4 0.0 0.66 1
1.0 3.6941915787361973E-4 0.5279527 0.99 0
1.0 3.6941915787361973E-4 0.36080286 0.66 0
1.0 3.6941915787361973E-4 0.087783314 0.99 1
1.0 3.6941915787361973E-4 0.12923495 0.99 0
1.0 3.6941915787361973E-4 0.22552036 0.99 0
1.0 3.6941915787361973E-4 0.13002884 0.99 0
1.0 0.010419670414155022 0.2976262 0.99 0
1.0 0.146098062373954 0.04873814 0.99 0
1.0 3.6941915787361973E-4 0.06713162 0.99 1
1.0 0.055645801067421355 0.16559343 0.99 0
1.0 3.6941915787361973E-4 0.0 0.0 1
1.0 0.03554529855485854 0.14335454 0.99 0
1.0 3.6941915787361973E-4 0.03304517 0.66 1
1.0 3.6941915787361973E-4 0.0419882 0.99 1
1.0 3.6941915787361973E-4 0.0592966 0.66 0
1.0 3.6941915787361973E-4 0.42922473 0.99 0
1.0 3.6941915787361973E-4 0.3000616 0.66 0
1.0 3.6941915787361973E-4 0.17193176 0.99 0
1.0 3.6941915787361973E-4 0.014009003 0.99 1
1.0 0.045595549811139946 0.24007253 0.66 0
1.0 3.6941915787361973E-4 0.13138422 0.99 0
1.0 3.6941915787361973E-4 0.15282196 0.99 1
1.0 3.6941915787361973E-4 0.016452566 0.99 1
1.0 3.6941915787361973E-4 0.0 0.0 1
1.0 0.045595549811139946 0.19846267 0.66 0
1.0 3.6941915787361973E-4 0.05573625 0.99 1
1.0 3.6941915787361973E-4 0.24119012 0.99 0
1.0 3.6941915787361973E-4 0.038449362 0.99 1
1.0 3.6941915787361973E-4 0.038232557 0.99 1
1.0 3.6941915787361973E-4 0.5509169 0.66 0
1.0 0.4928317307156626 0.060852103 0.66 0
1.0 0.6385603739317429 0.16652553 0.99 0
1.0 3.6941915787361973E-4 0.064641625 0.66 0
1.0 3.6941915787361973E-4 0.06308914 0.99 0
1.0 3.6941915787361973E-4 0.022060491 0.66 1
1.0 3.6941915787361973E-4 0.093689136 0.66 0
1.0 0.005394544786014324 0.38048196 0.66 1
1.0 3.6941915787361973E-4 0.058928985 0.66 1
1.0 3.6941915787361973E-4 0.009470472 0.66 1
1.0 3.6941915787361973E-4 0.0 0.0 1
1.0 0.4928317307156626 0.027684728 0.99 0
1.0 3.6941915787361973E-4 0.033411007 0.99 1
1.0 3.6941915787361973E-4 0.24041764 0.99 0
1.0 3.6941915787361973E-4 0.02173966 0.99 1
1.0 3.6941915787361973E-4 0.0714079 0.99 1
1.0 3.6941915787361973E-4 0.0 0.66 1
1.0 3.6941915787361973E-4 0.066488914 0.66 1
1.0 0.010419670414155022 0.7076907 0.99 0
1.0 3.6941915787361973E-4 0.0 0.66 1
1.0 3.6941915787361973E-4 0.055107005 0.99 1
1.0 0.005394544786014324 0.25155115 0.66 0
1.0 0.3370528362433008 0.08648096 0.99 0
1.0 3.6941915787361973E-4 0.102527775 0.99 0
1.0 3.6941915787361973E-4 0.07834198 0.99 1
1.0 0.3873040925247078 0.045124352 0.66 0
1.0 3.6941915787361973E-4 0.0 0.99 1
1.0 3.6941915787361973E-4 0.05449099 0.66 1
1.0 3.6941915787361973E-4 0.02308591 0.99 0
1.0 3.6941915787361973E-4 0.04841604 0.99 1
1.0 0.15112318800209473 0.17608695 0.99 0
1.0 0.005394544786014324 0.19759227 0.99 0
1.0 3.6941915787361973E-4 0.0706601 0.66 1
1.0 3.6941915787361973E-4 0.22214666 0.99 0
1.0 0.010419670414155022 0.17632036 0.99 0
1.0 0.4928317307156626 0.24621218 0.66 0
1.0 3.6941915787361973E-4 0.0808243 0.66 1
1.0 3.6941915787361973E-4 0.0 0.0 0
1.0 0.1109221829769691 0.20711356 0.99 0
1.0 3.6941915787361973E-4 0.008504852 0.66 1
1.0 3.6941915787361973E-4 0.033534735 0.99 1
1.0 0.005394544786014324 0.23341371 0.99 0
1.0 0.015444796042295733 0.38048196 0.99 0
1.0 0.08077142920812488 0.35403246 0.99 0
1.0 3.6941915787361973E-4 0.03786845 0.99 1
1.0 0.005394544786014324 0.22833374 0.66 0
1.0 0.045595549811139946 0.60165215 0.66 0
1.0 3.6941915787361973E-4 0.008707296 0.99 1
1.0 3.6941915787361973E-4 0.082440354 0.99 0
1.0 3.6941915787361973E-4 0.038728334 0.99 1
1.0 0.15614831363023543 0.26205367 0.99 0
1.0 0.07574630357998419 0.17878777 0.99 0
1.0 3.6941915787361973E-4 0.07752041 0.66 1
1.0 0.09584680609254698 0.25891903 0.99 0
1.0 3.6941915787361973E-4 0.12670621 0.99 0
1.0 3.6941915787361973E-4 0.035466522 0.99 1
1.0 3.6941915787361973E-4 0.24886279 0.66 0
1.0 3.6941915787361973E-4 0.031612955 0.99 1
1.0 3.6941915787361973E-4 6.745958E-4 0.0 1
1.0 3.6941915787361973E-4 0.051012773 0.99 1
1.0 3.6941915787361973E-4 0.0 0.66 1
1.0 3.6941915787361973E-4 0.1640615 0.99 0
1.0 3.6941915787361973E-4 0.0048814407 0.99 1
1.0 0.12599755986139122 0.29291067 0.99 0
1.0 3.6941915787361973E-4 0.027889075 0.99 1
1.0 3.6941915787361973E-4 0.050910648 0.99 0
1.0 3.6941915787361973E-4 0.09625786 0.66 0
1.0 3.6941915787361973E-4 0.10363717 0.99 1
1.0 3.6941915787361973E-4 0.016033288 0.66 1
1.0 3.6941915787361973E-4 0.078392126 0.66 1
1.0 3.6941915787361973E-4 0.07153951 0.99 0
1.0 0.010419670414155022 0.23174478 0.99 0
1.0 0.03052017292671784 0.20461407 0.66 0
1.0 3.6941915787361973E-4 0.6646596 0.99 0
1.0 3.6941915787361973E-4 0.026936507 0.99 0
1.0 0.015444796042295733 0.21033685 0.99 0
1.0 0.055645801067421355 0.3389123 0.66 0
1.0 0.15112318800209473 0.18293214 0.66 0
1.0 3.6941915787361973E-4 0.042855255 0.99 1
1.0 0.05062067543928066 0.19884251 0.66 0
1.0 0.08579655483626558 0.065659836 0.99 0
1.0 0.015444796042295733 0.25680208 0.99 0
1.0 0.19132419302722034 0.08908877 0.66 0
1.0 0.16619856488651685 0.19832745 0.66 0
1.0 0.010419670414155022 0.17686835 0.99 0
1.0 3.6941915787361973E-4 0.07041079 0.99 1
1.0 3.6941915787361973E-4 0.018384404 0.99 1
1.0 3.6941915787361973E-4 0.24301934 0.99 0
1.0 3.6941915787361973E-4 0.015341604 0.99 1
1.0 3.6941915787361973E-4 0.0 0.99 1
1.0 0.045595549811139946 0.20093 0.0 0
1.0 3.6941915787361973E-4 0.03754189 0.99 0
1.0 3.6941915787361973E-4 0.21387276 0.66 0
1.0 0.02046992167043643 0.4254323 0.99 0
1.0 3.6941915787361973E-4 0.027903993 0.99 1
1.0 3.6941915787361973E-4 0.12219098 0.99 0
1.0 0.010419670414155022 0.6509603 0.66 0
1.0 3.6941915787361973E-4 0.11064988 0.99 1
1.0 3.6941915787361973E-4 0.078611195 0.99 1
1.0 0.005394544786014324 0.52611303 0.0 1
1.0 3.6941915787361973E-4 0.033154055 0.99 1
1.0 3.6941915787361973E-4 0.08013266 0.99 1
1.0 0.05062067543928066 0.1933239 0.66 0
1.0 3.6941915787361973E-4 0.029610954 0.66 1
1.0 3.6941915787361973E-4 0.02641969 0.99 1
1.0 0.1410729367458133 0.13831894 0.66 0
1.0 3.6941915787361973E-4 0.19338714 0.99 0
1.0 3.6941915787361973E-4 0.0 0.99 1
1.0 3.6941915787361973E-4 0.007062122 0.99 0
1.0 3.6941915787361973E-4 0.05974484 0.99 1
1.0 3.6941915787361973E-4 0.3191585 0.66 0
1.0 3.6941915787361973E-4 0.017197566 0.99 0
1.0 3.6941915787361973E-4 0.13756552 0.99 0
1.0 3.6941915787361973E-4 0.055075236 0.99 0
1.0 3.6941915787361973E-4 0.13941164 0.99 0
1.0 3.6941915787361973E-4 0.06345113 0.99 1
1.0 3.6941915787361973E-4 0.023712637 0.66 1
1.0 3.6941915787361973E-4 0.056417055 0.99 1
1.0 3.6941915787361973E-4 0.06442274 0.99 0
1.0 3.6941915787361973E-4 0.06330162 0.99 1
1.0 0.12599755986139122 0.069083616 0.99 0
1.0 3.6941915787361973E-4 0.08061102 0.99 0
1.0 3.6941915787361973E-4 0.2124468 0.66 0
1.0 3.6941915787361973E-4 0.02317675 0.99 0
1.0 3.6941915787361973E-4 0.22873351 0.66 0
1.0 0.010419670414155022 0.20608495 0.99 0
1.0 3.6941915787361973E-4 0.0059184954 0.99 1
1.0 0.02046992167043643 0.18049137 0.66 0
1.0 3.6941915787361973E-4 0.06455783 0.99 1
1.0 0.15112318800209473 0.0982532 0.99 0
1.0 3.6941915787361973E-4 0.036494903 0.99 1
1.0 3.6941915787361973E-4 0.43422562 0.66 0
1.0 3.6941915787361973E-4 0.06355775 0.99 1
1.0 3.6941915787361973E-4 0.028896198 0.99 0
1.0 3.6941915787361973E-4 0.024037715 0.99 1
1.0 0.5481081126252103 0.13136646 0.66 0
1.0 3.6941915787361973E-4 0.28880686 0.66 0
1.0 3.6941915787361973E-4 0.1420534 0.99 0
1.0 3.6941915787361973E-4 0.04148812 0.99 1
1.0 3.6941915787361973E-4 0.07430303 0.66 1
1.0 3.6941915787361973E-4 0.110722646 0.99 1
1.0 3.6941915787361973E-4 0.026716784 0.66 1
1.0 3.6941915787361973E-4 0.04876805 0.99 1
1.0 3.6941915787361973E-4 0.051621486 0.99 1
1.0 3.6941915787361973E-4 0.027755423 0.99 1
1.0 0.3420779618714415 0.06539435 0.99 0
1.0 0.015444796042295733 0.5445166 0.66 0
1.0 3.6941915787361973E-4 0.015332391 0.66 1
1.0 3.6941915787361973E-4 0.076494284 0.66 1
1.0 0.06569605232370276 0.22174725 0.66 0
1.0 0.28177645433375303 0.051106557 0.99 0
1.0 3.6941915787361973E-4 0.054854844 0.99 0
1.0 0.2566508261930495 0.014945356 0.99 0
1.0 3.6941915787361973E-4 0.21435893 0.66 1
1.0 0.045595549811139946 0.20112066 0.99 0
1.0 3.6941915787361973E-4 0.029610954 0.66 1
1.0 3.6941915787361973E-4 0.047242325 0.99 1
1.0 3.6941915787361973E-4 0.19773823 0.66 1
1.0 0.28177645433375303 0.05599221 0.99 0
1.0 0.2667010774493309 0.07683766 0.99 0
1.0 3.6941915787361973E-4 0.043505047 0.99 0
1.0 3.6941915787361973E-4 0.23101887 0.66 0
1.0 3.6941915787361973E-4 0.10149234 0.99 1
1.0 3.6941915787361973E-4 0.14091195 0.66 0
1.0 0.20137444428350176 0.50445217 0.99 0
1.0 0.2516257005649088 0.677368 0.66 0
1.0 3.6941915787361973E-4 0.05327555 0.66 1
1.0 0.015444796042295733 0.22703573 0.66 0
1.0 0.015444796042295733 0.1475225 0.99 0
1.0 0.12599755986139122 0.22403118 0.99 0
1.0 0.010419670414155022 0.27629533 0.99 0
1.0 0.03052017292671784 0.44188473 0.66 0
1.0 0.16117343925837613 0.3255503 0.99 0
1.0 3.6941915787361973E-4 0.046331614 0.99 1
1.0 3.6941915787361973E-4 0.035385467 0.99 1
1.0 3.6941915787361973E-4 0.0 0.33 1
1.0 0.015444796042295733 0.47302628 0.66 0
1.0 3.6941915787361973E-4 0.058420744 0.99 1
1.0 0.1109221829769691 0.97425574 0.66 0
1.0 0.3018769568463158 0.07585597 0.99 0
1.0 0.05062067543928066 0.7288848 0.66 0
1.0 3.6941915787361973E-4 0.08346732 0.99 1
1.0 3.6941915787361973E-4 0.1450531 0.66 0
1.0 3.6941915787361973E-4 0.0 0.0 1
1.0 3.6941915787361973E-4 0.056185603 0.99 0
1.0 0.005394544786014324 0.25498185 0.99 0
1.0 3.6941915787361973E-4 0.114343725 0.66 1
1.0 0.06569605232370276 0.50659966 0.99 0
1.0 0.06569605232370276 0.2977286 0.66 0
1.0 3.6941915787361973E-4 0.03423939 0.99 0
1.0 0.005394544786014324 0.23015472 0.99 1
1.0 3.6941915787361973E-4 0.08037829 0.99 1
1.0 3.6941915787361973E-4 0.21993501 0.99 0
1.0 3.6941915787361973E-4 0.09764307 0.99 0
1.0 0.12097243423325049 0.041464563 0.99 0
1.0 0.1159473086051098 0.02819173 0.66 0
1.0 0.03554529855485854 0.8433163 0.66 0
1.0 3.6941915787361973E-4 0.03622527 0.99 1
1.0 0.04057042418299925 0.20310743 0.66 0
1.0 3.6941915787361973E-4 0.05090297 0.99 0
1.0 0.015444796042295733 0.15843248 0.99 0
1.0 3.6941915787361973E-4 0.117402 0.99 0
1.0 3.6941915787361973E-4 0.0148711745 0.66 1
1.0 3.6941915787361973E-4 0.046809763 0.99 1
1.0 3.6941915787361973E-4 0.11350485 0.66 1
1.0 3.6941915787361973E-4 7.859296E-5 0.66 1
1.0 3.6941915787361973E-4 0.19859894 0.99 0
1.0 3.6941915787361973E-4 0.0 0.66 1
1.0 0.010419670414155022 0.19758593 0.99 1
1.0 3.6941915787361973E-4 0.24511297 0.66 0
1.0 0.04057042418299925 0.30515578 0.99 0
1.0 3.6941915787361973E-4 0.095258296 0.66 0
1.0 3.6941915787361973E-4 0.05133307 0.99 0
1.0 3.6941915787361973E-4 0.0 0.66 1
1.0 0.025495047298577128 0.23334676 0.66 0
1.0 3.6941915787361973E-4 0.0 0.66 1
1.0 3.6941915787361973E-4 0.0 0.99 1
1.0 0.10589705734882837 0.041265257 0.99 0
1.0 3.6941915787361973E-4 0.056297738 0.99 1
1.0 3.6941915787361973E-4 0.15234815 0.99 0
1.0 3.6941915787361973E-4 0.2744233 0.66 0
1.0 3.6941915787361973E-4 0.2266457 0.99 1
1.0 3.6941915787361973E-4 0.060587924 0.99 1
1.0 3.6941915787361973E-4 0.018639017 0.66 1
1.0 3.6941915787361973E-4 0.010164877 0.99 0
1.0 3.6941915787361973E-4 0.0 0.0 1
1.0 3.6941915787361973E-4 0.023712637 0.0 1
1.0 0.15614831363023543 0.09930188 0.99 0
1.0 3.6941915787361973E-4 0.095277674 0.66 1
1.0 3.6941915787361973E-4 0.033459928 0.99 1
1.0 3.6941915787361973E-4 0.24348193 0.99 0
1.0 0.6787613789568685 0.0913756 0.99 0
1.0 3.6941915787361973E-4 0.063390516 0.66 1
1.0 3.6941915787361973E-4 0.01976873 0.99 1
1.0 3.6941915787361973E-4 0.05851631 0.99 1
1.0 3.6941915787361973E-4 0.07758116 0.66 1
1.0 3.6941915787361973E-4 0.0 0.0 1
1.0 3.6941915787361973E-4 0.052215934 0.99 1
1.0 3.6941915787361973E-4 0.017197317 0.99 1
1.0 0.005394544786014324 0.18245067 0.99 0
1.0 3.6941915787361973E-4 0.19318295 0.99 0
1.0 0.15614831363023543 0.16368051 0.99 0
1.0 0.025495047298577128 0.21370016 0.99 0
1.0 3.6941915787361973E-4 0.057259135 0.99 1
1.0 0.03554529855485854 0.20900786 0.99 0
1.0 0.33202771061516007 0.054141503 0.66 0
1.0 3.6941915787361973E-4 0.10241625 0.99 1
1.0 3.6941915787361973E-4 0.01953128 0.99 1
1.0 0.010419670414155022 0.16783781 0.99 0
1.0 0.03052017292671784 0.0797108 0.99 1
1.0 0.21142469553978321 0.90872633 0.99 0
1.0 0.03554529855485854 0.024618885 0.99 0
1.0 0.12097243423325049 0.14941765 0.99 0
1.0 0.05062067543928066 0.31431264 0.0 0
1.0 0.005394544786014324 0.11959149 0.66 1
1.0 0.015444796042295733 0.023664875 0.99 0
1.0 3.6941915787361973E-4 0.0 0.0 1
1.0 3.6941915787361973E-4 0.0 0.0 1
1.0 3.6941915787361973E-4 0.043715835 0.99 1
1.0 3.6941915787361973E-4 0.0 0.33 1
1.0 3.6941915787361973E-4 0.06906637 0.99 1
1.0 0.010419670414155022 0.03578238 0.66 0
1.0 0.005394544786014324 0.09232886 0.99 1
1.0 3.6941915787361973E-4 0.0 0.66 1
1.0 0.010419670414155022 0.18384981 0.66 0
1.0 0.08579655483626558 0.39825377 0.66 0
1.0 3.6941915787361973E-4 0.01855881 0.66 1
1.0 3.6941915787361973E-4 0.041070834 0.99 1
1.0 3.6941915787361973E-4 0.058090616 0.99 1
1.0 0.07574630357998419 0.18051706 0.99 0
1.0 3.6941915787361973E-4 0.025609104 0.99 1
1.0 0.015444796042295733 0.09824791 0.99 0
1.0 0.06569605232370276 0.22392207 0.99 0
1.0 3.6941915787361973E-4 0.04628495 0.99 1
1.0 3.6941915787361973E-4 0.089623325 0.99 1
1.0 3.6941915787361973E-4 0.0035039748 0.99 1
1.0 0.010419670414155022 0.05370088 0.99 0
1.0 0.005394544786014324 0.09582439 0.99 1
1.0 3.6941915787361973E-4 0.22967446 0.66 1
1.0 3.6941915787361973E-4 0.024138575 0.66 1
1.0 3.6941915787361973E-4 0.021075925 0.99 1
1.0 3.6941915787361973E-4 0.012248044 0.99 1
1.0 0.015444796042295733 0.1284436 0.99 1
1.0 0.015444796042295733 0.06587008 0.66 1
1.0 0.316952333730738 0.017358733 0.99 0
1.0 0.18127394177093895 0.144436 0.99 0
1.0 0.17624881614279825 0.20014499 0.99 0
1.0 3.6941915787361973E-4 0.0 0.99 1
1.0 0.005394544786014324 0.4892696 0.66 0
1.0 3.6941915787361973E-4 0.0 0.0 1
1.0 0.015444796042295733 0.1742358 0.66 0
1.0 3.6941915787361973E-4 0.023798188 0.99 1
1.0 3.6941915787361973E-4 0.07190013 0.66 0
1.0 0.2063995699116425 0.05746956 0.99 0
1.0 3.6941915787361973E-4 0.24097067 0.99 0
1.0 0.025495047298577128 0.6013875 0.66 0
1.0 3.6941915787361973E-4 0.0 0.0 1
1.0 3.6941915787361973E-4 0.052442066 0.99 1
1.0 0.010419670414155022 0.6096894 0.99 0
1.0 3.6941915787361973E-4 0.01519991 0.66 0
1.0 3.6941915787361973E-4 0.12062583 0.66 1
1.0 3.6941915787361973E-4 0.044771206 0.99 1
1.0 0.06569605232370276 0.17205194 0.99 0
1.0 3.6941915787361973E-4 0.30115047 0.66 1
1.0 0.005394544786014324 0.05491236 0.99 1
1.0 3.6941915787361973E-4 0.13108005 0.99 0
1.0 0.015444796042295733 0.3831839 0.99 0
1.0 3.6941915787361973E-4 0.0 0.0 1
1.0 0.005394544786014324 0.0 0.0 1
1.0 3.6941915787361973E-4 0.057868607 0.99 1
1.0 3.6941915787361973E-4 0.09366384 0.66 1
1.0 3.6941915787361973E-4 0.045813594 0.99 1
1.0 3.6941915787361973E-4 0.00897418 0.99 0
1.0 3.6941915787361973E-4 0.024777964 0.99 1
1.0 0.015444796042295733 0.14091888 0.66 0
1.0 0.015444796042295733 0.301912 0.99 0
1.0 3.6941915787361973E-4 0.035497326 0.99 1
1.0 0.3571533387558636 0.25620863 0.66 0
1.0 3.6941915787361973E-4 0.0705196 0.99 1
1.0 3.6941915787361973E-4 0.033459112 0.99 1
1.0 0.15112318800209473 0.18729788 0.99 0
1.0 0.39232921815284855 0.16050574 0.99 0
1.0 3.6941915787361973E-4 0.013235939 0.99 1
1.0 0.03554529855485854 0.3513422 0.66 0
1.0 0.005394544786014324 0.019458367 0.99 1
1.0 3.6941915787361973E-4 0.0 0.99 1
1.0 3.6941915787361973E-4 0.078586504 0.99 1
1.0 0.02046992167043643 0.2551631 0.66 0
1.0 3.6941915787361973E-4 0.0 0.66 1
1.0 3.6941915787361973E-4 0.063237965 0.99 1
1.0 3.6941915787361973E-4 0.072713405 0.99 1
1.0 0.34710308749958213 0.0 0.0 0
1.0 3.6941915787361973E-4 0.089961715 0.99 1
1.0 0.045595549811139946 0.4675672 0.99 0
1.0 3.6941915787361973E-4 0.012124932 0.66 0
1.0 3.6941915787361973E-4 0.0 0.66 1
1.0 3.6941915787361973E-4 0.045600414 0.99 0
1.0 3.6941915787361973E-4 0.035871457 0.66 1
1.0 3.6941915787361973E-4 0.087562904 0.99 0
1.0 0.1159473086051098 0.38965136 0.99 0
1.0 0.005394544786014324 0.0039975015 0.99 0
1.0 1.0003694191578736 0.06438832 0.99 0
1.0 0.09082168046440628 0.75554204 0.99 0
1.0 3.6941915787361973E-4 0.04109419 0.99 1
1.0 3.6941915787361973E-4 0.016340865 0.99 0
1.0 3.6941915787361973E-4 0.072053984 0.99 1
1.0 3.6941915787361973E-4 0.043012984 0.66 1
1.0 3.6941915787361973E-4 0.018888276 0.99 1
1.0 0.1159473086051098 0.03559237 0.66 0
1.0 3.6941915787361973E-4 0.04262957 0.99 1
1.0 0.1410729367458133 0.1355563 0.99 0
1.0 3.6941915787361973E-4 0.021075925 0.99 1
1.0 0.09584680609254698 0.020766862 0.99 0
1.0 0.02046992167043643 0.24795133 0.99 0
1.0 3.6941915787361973E-4 0.3981399 0.66 0
1.0 3.6941915787361973E-4 0.017950412 0.99 0
1.0 3.6941915787361973E-4 0.019118307 0.99 0
1.0 3.6941915787361973E-4 0.014265262 0.66 1
1.0 3.6941915787361973E-4 0.006669003 0.66 1
1.0 3.6941915787361973E-4 0.014754154 0.99 1
1.0 0.19634931865536104 0.065800205 0.66 0
1.0 3.6941915787361973E-4 0.04834293 0.99 0
1.0 3.6941915787361973E-4 0.0 0.33 1
1.0 3.6941915787361973E-4 0.0 0.99 1
1.0 3.6941915787361973E-4 0.0071281805 0.99 1
1.0 3.6941915787361973E-4 0.039701432 0.99 1
1.0 3.6941915787361973E-4 0.0062835845 0.99 1
1.0 0.060670926695562066 0.28021878 0.66 0
1.0 0.005394544786014324 0.1039456 0.99 0
1.0 3.6941915787361973E-4 0.011251535 0.99 0
1.0 0.1109221829769691 0.21485779 0.99 0
1.0 0.005394544786014324 0.07541727 0.99 0
1.0 0.005394544786014324 0.17051719 0.99 0
1.0 3.6941915787361973E-4 0.03523012 0.66 1
1.0 3.6941915787361973E-4 0.08128737 0.99 1
1.0 3.6941915787361973E-4 0.0061186887 0.99 1
1.0 3.6941915787361973E-4 0.08515235 0.33 1
1.0 3.6941915787361973E-4 0.3912621 0.66 1
1.0 0.06569605232370276 0.06166814 0.99 0
1.0 3.6941915787361973E-4 0.057981625 0.99 1
1.0 3.6941915787361973E-4 0.04957328 0.66 1
1.0 3.6941915787361973E-4 0.022730837 0.99 1
1.0 3.6941915787361973E-4 0.022040691 0.99 0
1.0 3.6941915787361973E-4 0.029135352 0.99 1
1.0 3.6941915787361973E-4 0.022967719 0.99 1
1.0 0.08579655483626558 0.17570111 0.99 0
1.0 0.015444796042295733 0.1886599 0.99 0
1.0 3.6941915787361973E-4 0.0993769 0.99 1
1.0 3.6941915787361973E-4 0.035432868 0.99 1
1.0 3.6941915787361973E-4 0.09379432 0.99 1
1.0 3.6941915787361973E-4 0.005069569 0.66 1
1.0 0.025495047298577128 0.0 0.66 0
1.0 3.6941915787361973E-4 0.013196698 0.99 1
1.0 3.6941915787361973E-4 0.0 0.66 1
1.0 3.6941915787361973E-4 0.065398976 0.99 1
1.0 3.6941915787361973E-4 0.0 0.66 1
1.0 0.060670926695562066 0.2353327 0.99 0
1.0 0.005394544786014324 0.09146833 0.66 1
1.0 0.08077142920812488 0.16562526 0.66 0
1.0 0.04057042418299925 0.15333822 0.99 0
1.0 3.6941915787361973E-4 0.030194797 0.66 0
1.0 0.015444796042295733 0.101947114 0.99 0
1.0 0.010419670414155022 0.046971 0.66 0
1.0 0.1008719317206877 0.19394326 0.66 0
1.0 3.6941915787361973E-4 0.013904834 0.99 1
1.0 0.2667010774493309 0.20624515 0.66 0
1.0 0.07574630357998419 0.07493496 0.99 0
1.0 3.6941915787361973E-4 0.017902918 0.66 1
1.0 0.17122369051465755 0.15436289 0.99 0
1.0 0.005394544786014324 0.016783793 0.66 1
1.0 0.33202771061516007 0.09423393 0.66 0
1.0 0.03554529855485854 0.024059618 0.66 0
1.0 0.28680157996189376 0.011761103 0.99 0
1.0 3.6941915787361973E-4 0.0 0.66 1
1.0 3.6941915787361973E-4 0.024420753 0.99 1
1.0 3.6941915787361973E-4 0.023270816 0.99 1
1.0 3.6941915787361973E-4 0.03114043 0.99 1
1.0 3.6941915787361973E-4 0.05362095 0.99 1
1.0 3.6941915787361973E-4 0.14393666 0.99 0
1.0 3.6941915787361973E-4 0.02192727 0.99 1
1.0 3.6941915787361973E-4 0.12032034 0.99 0
1.0 0.055645801067421355 0.34823376 0.66 0
1.0 3.6941915787361973E-4 0.0483621 0.99 0
1.0 3.6941915787361973E-4 0.012524114 0.99 1
1.0 0.005394544786014324 0.047764916 0.0 1
1.0 0.005394544786014324 0.0 0.99 1
1.0 3.6941915787361973E-4 0.034281407 0.66 1
1.0 3.6941915787361973E-4 0.058681183 0.99 1
1.0 3.6941915787361973E-4 0.054551598 0.99 1
1.0 3.6941915787361973E-4 0.019090699 0.99 0
1.0 0.5179573588563662 0.054869913 0.99 0
1.0 0.010419670414155022 0.12974614 0.66 0
1.0 0.055645801067421355 0.0081240125 0.66 0
1.0 0.055645801067421355 0.7934879 0.66 0
1.0 0.2968518312181751 0.16783641 0.66 0
1.0 3.6941915787361973E-4 0.0 0.99 1
1.0 3.6941915787361973E-4 0.014836458 0.99 1
1.0 0.005394544786014324 0.023707548 0.99 1
1.0 3.6941915787361973E-4 0.0 0.66 1
1.0 3.6941915787361973E-4 0.04879781 0.99 0
1.0 0.4878066050875219 0.01817457 0.99 0
1.0 3.6941915787361973E-4 0.035513423 0.66 0
1.0 3.6941915787361973E-4 0.026117945 0.99 0
1.0 3.6941915787361973E-4 0.07966052 0.99 0
1.0 0.03554529855485854 0.20063408 0.66 0
1.0 3.6941915787361973E-4 0.017648393 0.99 1
1.0 3.6941915787361973E-4 0.031231333 0.99 1
1.0 3.6941915787361973E-4 0.0055340705 0.99 1
1.0 3.6941915787361973E-4 0.0 0.0 1
1.0 0.010419670414155022 0.15819046 0.99 0
1.0 3.6941915787361973E-4 0.0343662 0.99 1
1.0 0.3420779618714415 0.2160329 0.66 0
1.0 3.6941915787361973E-4 0.02616289 0.99 1
1.0 3.6941915787361973E-4 0.094384514 0.99 1
1.0 0.005394544786014324 0.14237283 0.66 0
1.0 3.6941915787361973E-4 0.009496728 0.99 1
1.0 3.6941915787361973E-4 0.010292766 0.66 1
1.0 3.6941915787361973E-4 0.016160352 0.99 1
1.0 0.055645801067421355 0.28036302 0.66 0
1.0 0.33202771061516007 0.0 0.0 0
1.0 3.6941915787361973E-4 0.030246893 0.99 1
1.0 3.6941915787361973E-4 0.024230896 0.99 1
1.0 0.18629906739907964 0.13788868 0.99 0
1.0 3.6941915787361973E-4 0.036689196 0.99 1
1.0 0.23655032368048673 0.1025437 0.99 0
1.0 3.6941915787361973E-4 0.0 0.99 1
1.0 3.6941915787361973E-4 0.08701819 0.66 1
1.0 0.005394544786014324 0.04308551 0.99 1
1.0 3.6941915787361973E-4 0.0 0.0 1
1.0 0.025495047298577128 0.14873172 0.66 0
1.0 3.6941915787361973E-4 0.022027697 0.99 1
1.0 3.6941915787361973E-4 0.5080143 0.99 0
1.0 0.005394544786014324 0.42028767 0.99 0
1.0 3.6941915787361973E-4 0.0932199 0.99 0
1.0 3.6941915787361973E-4 0.0 0.66 1
1.0 0.005394544786014324 0.24813409 0.99 0
1.0 3.6941915787361973E-4 0.0 0.0 1
1.0 0.03554529855485854 0.10126713 0.99 0
1.0 0.15112318800209473 0.096260935 0.66 0
1.0 3.6941915787361973E-4 0.041741177 0.99 1
1.0 3.6941915787361973E-4 0.07165474 0.99 0
1.0 0.10589705734882837 0.21072769 0.99 0
1.0 0.060670926695562066 0.25026396 0.99 0
1.0 3.6941915787361973E-4 0.046888337 0.99 0
1.0 0.045595549811139946 0.2055063 0.99 0
1.0 0.5581583638814918 0.0 0.66 0
1.0 0.005394544786014324 0.015618654 0.99 1
1.0 3.6941915787361973E-4 0.037739057 0.99 1
1.0 3.6941915787361973E-4 0.004447199 0.99 1
1.0 0.5883091176503359 0.1418479 0.99 0
1.0 3.6941915787361973E-4 0.19830215 0.99 0
1.0 0.005394544786014324 0.0 0.66 1
1.0 0.010419670414155022 0.17546675 0.66 0
1.0 3.6941915787361973E-4 0.023447718 0.99 1
1.0 3.6941915787361973E-4 0.045415297 0.99 0
1.0 3.6941915787361973E-4 0.023233026 0.66 1
1.0 3.6941915787361973E-4 0.13339812 0.99 1
1.0 3.6941915787361973E-4 0.08866595 0.99 1
1.0 3.6941915787361973E-4 0.019822823 0.99 1
1.0 3.6941915787361973E-4 0.020839186 0.99 1
1.0 3.6941915787361973E-4 0.032114327 0.99 1
1.0 0.005394544786014324 0.038449362 0.99 1
1.0 0.22650007242420528 0.17930116 0.66 0
1.0 3.6941915787361973E-4 0.037885074 0.66 1
1.0 3.6941915787361973E-4 0.03699573 0.99 0
1.0 0.2516257005649088 0.14372298 0.66 0
1.0 3.6941915787361973E-4 0.027731054 0.99 1
1.0 3.6941915787361973E-4 0.013882346 0.99 1
1.0 3.6941915787361973E-4 0.033061482 0.99 1
1.0 3.6941915787361973E-4 0.006810196 0.99 1
1.0 0.09082168046440628 0.13611016 0.66 0
1.0 0.37725384126842637 0.1617651 0.99 0
1.0 0.060670926695562066 0.36431485 0.99 0
1.0 3.6941915787361973E-4 0.07697688 0.99 1
1.0 3.6941915787361973E-4 0.05814624 0.99 0
1.0 3.6941915787361973E-4 0.05898142 0.99 0
1.0 0.17122369051465755 0.15490723 0.99 0
1.0 3.6941915787361973E-4 0.06435892 0.99 1
1.0 3.6941915787361973E-4 0.09231821 0.99 1
1.0 3.6941915787361973E-4 0.027866887 0.99 0
1.0 3.6941915787361973E-4 0.006720513 0.99 0
1.0 3.6941915787361973E-4 0.044911653 0.99 0
1.0 0.3822789668965671 0.2100756 0.99 0
1.0 0.060670926695562066 0.31623927 0.99 0
1.0 0.025495047298577128 0.03077551 0.99 0
1.0 3.6941915787361973E-4 0.016886476 0.99 1
1.0 3.6941915787361973E-4 0.020399727 0.99 1
1.0 0.4074045950372706 0.10611599 0.66 0
1.0 3.6941915787361973E-4 0.04607816 0.99 1
1.0 0.005394544786014324 0.0 0.66 1
1.0 0.19132419302722034 0.06579579 0.66 0
1.0 0.02046992167043643 0.3241651 0.66 0
1.0 0.6837865045850093 0.12722357 0.66 0
1.0 0.09584680609254698 0.17930116 0.99 0
1.0 0.005394544786014324 0.0 0.0 1
1.0 0.05062067543928066 0.0 0.0 0
1.0 0.3571533387558636 0.052337263 0.99 0
1.0 3.6941915787361973E-4 0.12062583 0.66 0
1.0 3.6941915787361973E-4 0.058433533 0.99 0
1.0 3.6941915787361973E-4 0.06792363 0.99 1
1.0 3.6941915787361973E-4 0.011392443 0.99 1
1.0 3.6941915787361973E-4 0.041918643 0.99 1
1.0 3.6941915787361973E-4 0.0117342025 0.99 1
1.0 3.6941915787361973E-4 0.07781266 0.99 1
1.0 0.055645801067421355 0.24090506 0.66 0
1.0 3.6941915787361973E-4 0.034653652 0.99 1
1.0 3.6941915787361973E-4 0.026361596 0.99 1
1.0 3.6941915787361973E-4 0.015274493 0.99 1
1.0 3.6941915787361973E-4 0.05111281 0.99 1
1.0 3.6941915787361973E-4 0.012658978 0.99 1
1.0 0.010419670414155022 0.1840061 0.99 0
1.0 3.6941915787361973E-4 0.0 0.0 1
1.0 0.5280076101126474 0.0 0.0 0
1.0 3.6941915787361973E-4 0.15440008 0.66 0
1.0 3.6941915787361973E-4 0.019658284 0.99 1
1.0 3.6941915787361973E-4 0.025700059 0.99 1
1.0 3.6941915787361973E-4 0.025968913 0.99 1
1.0 3.6941915787361973E-4 0.017949222 0.99 1
1.0 0.2415754493086274 0.024685128 0.99 0
1.0 0.07072117795184346 0.16961041 0.99 0
1.0 3.6941915787361973E-4 0.0 0.0 1
1.0 3.6941915787361973E-4 0.0343228 0.99 1
1.0 0.005394544786014324 0.027078964 0.99 0
1.0 0.03052017292671784 0.014424743 0.66 1
1.0 3.6941915787361973E-4 0.0 0.33 1
1.0 3.6941915787361973E-4 0.0060445345 0.99 1
1.0 3.6941915787361973E-4 0.13516882 0.99 1
1.0 3.6941915787361973E-4 0.019202318 0.99 1
1.0 3.6941915787361973E-4 0.086993486 0.99 0
1.0 3.6941915787361973E-4 0.019427259 0.99 1
1.0 3.6941915787361973E-4 0.0070961667 0.66 1
1.0 0.04057042418299925 0.19097994 0.99 0
1.0 3.6941915787361973E-4 0.23422948 0.99 0
1.0 0.005394544786014324 0.009991612 0.99 1
1.0 0.005394544786014324 0.29691038 0.99 0
1.0 3.6941915787361973E-4 0.011500501 0.99 1
1.0 0.005394544786014324 0.038599767 0.99 1
1.0 0.13102268548953191 0.58954424 0.99 0
1.0 0.060670926695562066 0.017343275 0.99 0
1.0 3.6941915787361973E-4 0.021698415 0.99 1
1.0 3.6941915787361973E-4 0.023220612 0.99 1
1.0 0.3219774593588786 0.10298661 0.66 0
1.0 3.6941915787361973E-4 0.08335892 0.0 1
1.0 0.03052017292671784 0.42344445 0.66 0
1.0 0.02046992167043643 0.43945026 0.0 0
1.0 3.6941915787361973E-4 0.023747332 0.99 1
1.0 3.6941915787361973E-4 0.04807344 0.99 1
1.0 3.6941915787361973E-4 0.03994875 0.66 1
1.0 0.10589705734882837 0.16085067 0.66 0
1.0 3.6941915787361973E-4 0.112127244 0.99 0
1.0 0.02046992167043643 0.043873765 0.99 1
1.0 3.6941915787361973E-4 0.0104429405 0.99 1
1.0 3.6941915787361973E-4 0.15850897 0.66 1
1.0 0.05062067543928066 0.07054522 0.99 0
1.0 0.35212821312772286 0.1619032 0.99 0
1.0 0.045595549811139946 0.29065332 0.66 0
1.0 0.1008719317206877 0.07334449 0.99 0
1.0 0.055645801067421355 0.5546845 0.66 0
1.0 0.060670926695562066 0.0 0.0 0
1.0 0.06569605232370276 0.26610792 0.99 0
1.0 3.6941915787361973E-4 0.0 0.0 1
1.0 3.6941915787361973E-4 0.0 0.66 1
1.0 3.6941915787361973E-4 0.09830525 0.99 1
1.0 3.6941915787361973E-4 0.03619756 0.99 0
1.0 0.005394544786014324 0.37755924 0.66 0
1.0 3.6941915787361973E-4 0.020290697 0.99 0
1.0 3.6941915787361973E-4 0.026519833 0.99 0
1.0 0.005394544786014324 0.0 0.0 1
1.0 3.6941915787361973E-4 0.019908689 0.99 1
1.0 0.005394544786014324 0.04195062 0.99 0
1.0 0.03052017292671784 0.13550079 0.66 0
1.0 3.6941915787361973E-4 0.0 0.0 1
1.0 3.6941915787361973E-4 0.17161039 0.66 0
1.0 3.6941915787361973E-4 0.09540805 0.99 0
1.0 3.6941915787361973E-4 0.0 0.99 1
1.0 0.045595549811139946 0.15631588 0.99 0
1.0 3.6941915787361973E-4 0.016344469 0.66 0
1.0 3.6941915787361973E-4 0.08891252 0.99 1
1.0 0.055645801067421355 0.17394474 0.99 0
1.0 0.005394544786014324 0.20127398 0.99 0
1.0 3.6941915787361973E-4 0.09718451 0.66 0
1.0 0.005394544786014324 0.07784427 0.99 0
1.0 3.6941915787361973E-4 0.0109150745 0.99 0
1.0 0.010419670414155022 0.040457048 0.99 1
1.0 0.32700258498701934 0.23171528 0.99 0
1.0 3.6941915787361973E-4 0.013642648 0.99 1
1.0 3.6941915787361973E-4 0.112402424 0.66 1
1.0 3.6941915787361973E-4 0.036366295 0.99 1
1.0 0.015444796042295733 0.4892696 0.66 0
1.0 3.6941915787361973E-4 0.18499815 0.99 0
1.0 3.6941915787361973E-4 0.010707612 0.99 1
1.0 3.6941915787361973E-4 0.04908692 0.99 1
1.0 3.6941915787361973E-4 0.03346326 0.66 1
1.0 0.055645801067421355 0.53092116 0.99 0
1.0 3.6941915787361973E-4 0.1538012 0.66 0
1.0 0.37222871564028565 0.049017556 0.99 0
1.0 3.6941915787361973E-4 0.023333237 0.99 1
1.0 0.3873040925247078 0.039316747 0.99 0
1.0 3.6941915787361973E-4 0.14073175 0.99 1
1.0 3.6941915787361973E-4 0.014192332 0.99 1
1.0 0.010419670414155022 0.06545681 0.99 0
1.0 3.6941915787361973E-4 0.21322414 0.99 1
1.0 0.04057042418299925 0.19093972 0.66 0
1.0 3.6941915787361973E-4 0.12716112 0.99 0
1.0 0.28680157996189376 0.06190801 0.99 0
1.0 3.6941915787361973E-4 0.0 0.0 1
1.0 0.025495047298577128 0.19160305 0.99 0
1.0 3.6941915787361973E-4 0.047685307 0.99 0
1.0 0.37725384126842637 0.032490842 0.99 0
1.0 0.005394544786014324 0.092911 0.66 0